0.000000
0.050000
0.100000
0.150000
0.200000
0.250000
0.300000
0.350000
0.400000
0.450000
0.500000
0.550000
0.600000
0.650000
0.700000
0.750000
0.800000
0.850000
0.900000
0.950000
1.000000
1.050000
1.100000
1.150000
1.200000
1.250000
1.300000
1.350000
1.400000
1.450000
1.500000
1.550000
1.600000
1.650000
1.700000
1.750000
1.800000
1.850000
1.900000
1.950000
2.000000
2.050000
2.100000
2.150000
2.200000
2.250000
2.300000
2.350000
2.400000
2.450000
2.500000
2.550000
2.600000
2.650000
2.700000
2.750000
2.800000
2.850000
2.900000
2.950000
3.000000
3.050000
3.100000
3.150000
3.200000
3.250000
3.300000
3.350000
3.400000
3.450000
3.500000
3.550000
3.600000
3.650000
3.700000
3.750000
3.800000
3.850000
3.900000
3.950000
4.000000
4.050000
4.100000
4.150000
4.200000
4.250000
4.300000
4.350000
4.400000
4.450000
4.500000
4.550000
4.600000
4.650000
4.700000
4.750000
4.800000
4.850000
4.900000
4.950000
5.000000
5.050000
5.100000
5.150000
5.200000
5.250000
5.300000
5.350000
5.400000
5.450000
5.500000
5.550000
5.600000
5.650000
5.700000
5.750000
5.800000
5.850000
5.900000
5.950000
6.000000
6.050000
6.100000
6.150000
6.200000
6.250000
6.300000
6.350000
6.400000
6.450000
6.500000
6.550000
6.600000
6.650000
6.700000
6.750000
6.800000
6.850000
6.900000
6.950000
7.000000
7.050000
7.100000
7.150000
7.200000
7.250000
7.300000
7.350000
7.400000
7.450000
7.500000
7.550000
7.600000
7.650000
7.700000
7.750000
7.800000
7.850000
7.900000
7.950000
8.000000
8.050000
8.100000
8.150000
8.200000
8.250000
8.300000
8.350000
8.400000
8.450000
8.500000
8.550000
8.600000
8.650000
8.700000
8.750000
8.800000
8.850000
8.900000
8.950000
9.000000
9.050000
9.100000
9.150000
9.200000
9.250000
9.300000
9.350000
9.400000
9.450000
9.500000
9.550000
9.600000
9.650000
9.700000
9.750000
9.800000
9.850000
9.900000
9.950000
10.000000
10.050000
10.100000
10.150000
10.200000
10.250000
10.300000
10.350000
10.400000
10.450000
10.500000
10.550000
10.600000
10.650000
10.700000
10.750000
10.800000
10.850000
10.900000
10.950000
11.000000
11.050000
11.100000
11.150000
11.200000
11.250000
11.300000
11.350000
11.400000
11.450000
11.500000
11.550000
11.600000
11.650000
11.700000
11.750000
11.800000
11.850000
11.900000
11.950000
12.000000
12.050000
12.100000
12.150000
12.200000
12.250000
12.300000
12.350000
12.400000
12.450000
12.500000
12.550000
12.600000
12.650000
12.700000
12.750000
12.800000
12.850000
12.900000
12.950000
13.000000
13.050000
13.100000
13.150000
13.200000
13.250000
13.300000
13.350000
13.400000
13.450000
13.500000
13.550000
13.600000
13.650000
13.700000
13.750000
13.800000
13.850000
13.900000
13.950000
14.000000
14.050000
14.100000
14.150000
14.200000
14.250000
14.300000
14.350000
14.400000
14.450000
14.500000
14.550000
14.600000
14.650000
14.700000
14.750000
14.800000
14.850000
14.900000
14.950000
15.000000
15.050000
15.100000
15.150000
15.200000
15.250000
15.300000
15.350000
15.400000
15.450000
15.500000
15.550000
15.600000
15.650000
15.700000
15.750000
15.800000
15.850000
15.900000
15.950000
16.000000
16.050000
16.100000
16.150000
16.200000
16.250000
16.300000
16.350000
16.400000
16.450000
16.500000
16.550000
16.600000
16.650000
16.700000
16.750000
16.800000
16.850000
16.900000
16.950000
17.000000
17.050000
17.100000
17.150000
17.200000
17.250000
17.300000
17.350000
17.400000
17.450000
17.500000
17.550000
17.600000
17.650000
17.700000
17.750000
17.800000
17.850000
17.900000
17.950000
18.000000
18.050000
18.100000
18.150000
18.200000
18.250000
18.300000
18.350000
18.400000
18.450000
18.500000
18.550000
18.600000
18.650000
18.700000
18.750000
18.800000
18.850000
18.900000
18.950000
19.000000
19.050000
19.100000
19.150000
19.200000
19.250000
19.300000
19.350000
19.400000
19.450000
19.500000
19.550000
19.600000
19.650000
19.700000
19.750000
19.800000
19.850000
19.900000
19.950000
20.000000
20.050000
20.100000
20.150000
20.200000
20.250000
20.300000
20.350000
20.400000
20.450000
20.500000
20.550000
20.600000
20.650000
20.700000
20.750000
20.800000
20.850000
20.900000
20.950000
21.000000
21.050000
21.100000
21.150000
21.200000
21.250000
21.300000
21.350000
21.400000
21.450000
21.500000
21.550000
21.600000
21.650000
21.700000
21.750000
21.800000
21.850000
21.900000
21.950000
22.000000
22.050000
22.100000
22.150000
22.200000
22.250000
22.300000
22.350000
22.400000
22.450000
22.500000
22.550000
22.600000
22.650000
22.700000
22.750000
22.800000
22.850000
22.900000
22.950000
23.000000
23.050000
23.100000
23.150000
23.200000
23.250000
23.300000
23.350000
23.400000
23.450000
23.500000
23.550000
23.600000
23.650000
23.700000
23.750000
23.800000
23.850000
23.900000
23.950000
24.000000
24.050000
24.100000
24.150000
24.200000
24.250000
24.300000
24.350000
24.400000
24.450000
24.500000
24.550000
24.600000
24.650000
24.700000
24.750000
24.800000
24.850000
24.900000
24.950000
25.000000
25.050000
25.100000
25.150000
25.200000
25.250000
25.300000
25.350000
25.400000
25.450000
25.500000
25.550000
25.600000
25.650000
25.700000
25.750000
25.800000
25.850000
25.900000
25.950000
26.000000
26.050000
26.100000
26.150000
26.200000
26.250000
26.300000
26.350000
26.400000
26.450000
26.500000
26.550000
26.600000
26.650000
26.700000
26.750000
26.800000
26.850000
26.900000
26.950000
27.000000
27.050000
27.100000
27.150000
27.200000
27.250000
27.300000
27.350000
27.400000
27.450000
27.500000
27.550000
27.600000
27.650000
27.700000
27.750000
27.800000
27.850000
27.900000
27.950000
28.000000
28.050000
28.100000
28.150000
28.200000
28.250000
28.300000
28.350000
28.400000
28.450000
28.500000
28.550000
28.600000
28.650000
28.700000
28.750000
28.800000
28.850000
28.900000
28.950000
29.000000
29.050000
29.100000
29.150000
29.200000
29.250000
29.300000
29.350000
29.400000
29.450000
29.500000
29.550000
29.600000
29.650000
29.700000
29.750000
29.800000
29.850000
29.900000
29.950000
30.000000
30.050000
30.100000
30.150000
30.200000
30.250000
30.300000
30.350000
30.400000
30.450000
30.500000
30.550000
30.600000
30.650000
30.700000
30.750000
30.800000
30.850000
30.900000
30.950000
31.000000
31.050000
31.100000
31.150000
31.200000
31.250000
31.300000
31.350000
31.400000
31.450000
31.500000
31.550000
31.600000
31.650000
31.700000
31.750000
31.800000
31.850000
31.900000
31.950000
32.000000
32.050000
32.100000
32.150000
32.200000
32.250000
32.300000
32.350000
32.400000
32.450000
32.500000
32.550000
32.600000
32.650000
32.700000
32.750000
32.800000
32.850000
32.900000
32.950000
33.000000
33.050000
33.100000
33.150000
33.200000
33.250000
33.300000
33.350000
33.400000
33.450000
33.500000
33.550000
33.600000
33.650000
33.700000
33.750000
33.800000
33.850000
33.900000
33.950000
34.000000
34.050000
34.100000
34.150000
34.200000
34.250000
34.300000
34.350000
34.400000
34.450000
34.500000
34.550000
34.600000
34.650000
34.700000
34.750000
34.800000
34.850000
34.900000
34.950000
35.000000
35.050000
35.100000
35.150000
35.200000
35.250000
35.300000
35.350000
35.400000
35.450000
35.500000
35.550000
35.600000
35.650000
35.700000
35.750000
35.800000
35.850000
35.900000
35.950000
36.000000
36.050000
36.100000
36.150000
36.200000
36.250000
36.300000
36.350000
36.400000
36.450000
36.500000
36.550000
36.600000
36.650000
36.700000
36.750000
36.800000
36.850000
36.900000
36.950000
37.000000
37.050000
37.100000
37.150000
37.200000
37.250000
37.300000
37.350000
37.400000
37.450000
37.500000
37.550000
37.600000
37.650000
37.700000
37.750000
37.800000
37.850000
37.900000
37.950000
38.000000
38.050000
38.100000
38.150000
38.200000
38.250000
38.300000
38.350000
38.400000
38.450000
38.500000
38.550000
38.600000
38.650000
38.700000
38.750000
38.800000
38.850000
38.900000
38.950000
39.000000
39.050000
39.100000
39.150000
39.200000
39.250000
39.300000
39.350000
39.400000
39.450000
39.500000
39.550000
39.600000
39.650000
39.700000
39.750000
39.800000
39.850000
39.900000
39.950000
40.000000
40.050000
40.100000
40.150000
40.200000
40.250000
40.300000
40.350000
40.400000
40.450000
40.500000
40.550000
40.600000
40.650000
40.700000
40.750000
40.800000
40.850000
40.900000
40.950000
41.000000
41.050000
41.100000
41.150000
41.200000
41.250000
41.300000
41.350000
41.400000
41.450000
41.500000
41.550000
41.600000
41.650000
41.700000
41.750000
41.800000
41.850000
41.900000
41.950000
42.000000
42.050000
42.100000
42.150000
42.200000
42.250000
42.300000
42.350000
42.400000
42.450000
42.500000
42.550000
42.600000
42.650000
42.700000
42.750000
42.800000
42.850000
42.900000
42.950000
43.000000
43.050000
43.100000
43.150000
43.200000
43.250000
43.300000
43.350000
43.400000
43.450000
43.500000
43.550000
43.600000
43.650000
43.700000
43.750000
43.800000
43.850000
43.900000
43.950000
44.000000
44.050000
44.100000
44.150000
44.200000
44.250000
44.300000
44.350000
44.400000
44.450000
44.500000
44.550000
44.600000
44.650000
44.700000
44.750000
44.800000
44.850000
44.900000
44.950000
45.000000
45.050000
45.100000
45.150000
45.200000
45.250000
45.300000
45.350000
45.400000
45.450000
45.500000
45.550000
45.600000
45.650000
45.700000
45.750000
45.800000
45.850000
45.900000
45.950000
46.000000
46.050000
46.100000
46.150000
46.200000
46.250000
46.300000
46.350000
46.400000
46.450000
46.500000
46.550000
46.600000
46.650000
46.700000
46.750000
46.800000
46.850000
46.900000
46.950000
47.000000
47.050000
47.100000
47.150000
47.200000
47.250000
47.300000
47.350000
47.400000
47.450000
47.500000
47.550000
47.600000
47.650000
47.700000
47.750000
47.800000
47.850000
47.900000
47.950000
48.000000
48.050000
48.100000
48.150000
48.200000
48.250000
48.300000
48.350000
48.400000
48.450000
48.500000
48.550000
48.600000
48.650000
48.700000
48.750000
48.800000
48.850000
48.900000
48.950000
49.000000
49.050000
49.100000
49.150000
49.200000
49.250000
49.300000
49.350000
49.400000
49.450000
49.500000
49.550000
49.600000
49.650000
49.700000
49.750000
49.800000
49.850000
49.900000
49.950000
50.000000
50.050000
50.100000
50.150000
50.200000
50.250000
50.300000
50.350000
50.400000
50.450000
50.500000
50.550000
50.600000
50.650000
50.700000
50.750000
50.800000
50.850000
50.900000
50.950000
51.000000
51.050000
51.100000
51.150000
51.200000
51.250000
51.300000
51.350000
51.400000
51.450000
51.500000
51.550000
51.600000
51.650000
51.700000
51.750000
51.800000
51.850000
51.900000
51.950000
52.000000
52.050000
52.100000
52.150000
52.200000
52.250000
52.300000
52.350000
52.400000
52.450000
52.500000
52.550000
52.600000
52.650000
52.700000
52.750000
52.800000
52.850000
52.900000
52.950000
53.000000
53.050000
53.100000
53.150000
53.200000
53.250000
53.300000
53.350000
53.400000
53.450000
53.500000
53.550000
53.600000
53.650000
53.700000
53.750000
53.800000
53.850000
53.900000
53.950000
54.000000
54.050000
54.100000
54.150000
54.200000
54.250000
54.300000
54.350000
54.400000
54.450000
54.500000
54.550000
54.600000
54.650000
54.700000
54.750000
54.800000
54.850000
54.900000
54.950000
55.000000
55.050000
55.100000
55.150000
55.200000
55.250000
55.300000
55.350000
55.400000
55.450000
55.500000
55.550000
55.600000
55.650000
55.700000
55.750000
55.800000
55.850000
55.900000
55.950000
56.000000
56.050000
56.100000
56.150000
56.200000
56.250000
56.300000
56.350000
56.400000
56.450000
56.500000
56.550000
56.600000
56.650000
56.700000
56.750000
56.800000
56.850000
56.900000
56.950000
57.000000
57.050000
57.100000
57.150000
57.200000
57.250000
57.300000
57.350000
57.400000
57.450000
57.500000
57.550000
57.600000
57.650000
57.700000
57.750000
57.800000
57.850000
57.900000
57.950000
58.000000
58.050000
58.100000
58.150000
58.200000
58.250000
58.300000
58.350000
58.400000
58.450000
58.500000
58.550000
58.600000
58.650000
58.700000
58.750000
58.800000
58.850000
58.900000
58.950000
59.000000
59.050000
59.100000
59.150000
59.200000
59.250000
59.300000
59.350000
59.400000
59.450000
59.500000
59.550000
59.600000
59.650000
59.700000
59.750000
59.800000
59.850000
59.900000
59.950000
60.000000
60.050000
60.100000
60.150000
60.200000
60.250000
60.300000
60.350000
60.400000
60.450000
60.500000
60.550000
60.600000
60.650000
60.700000
60.750000
60.800000
60.850000
60.900000
60.950000
61.000000
61.050000
61.100000
61.150000
61.200000
61.250000
61.300000
61.350000
61.400000
61.450000
61.500000
61.550000
61.600000
61.650000
61.700000
61.750000
61.800000
61.850000
61.900000
61.950000
62.000000
62.050000
62.100000
62.150000
62.200000
62.250000
62.300000
62.350000
62.400000
62.450000
62.500000
62.550000
62.600000
62.650000
62.700000
62.750000
62.800000
62.850000
62.900000
62.950000
63.000000
63.050000
63.100000
63.150000
63.200000
63.250000
63.300000
63.350000
63.400000
63.450000
63.500000
63.550000
63.600000
63.650000
63.700000
63.750000
63.800000
63.850000
63.900000
63.950000
64.000000
64.050000
64.100000
64.150000
64.200000
64.250000
64.300000
64.350000
64.400000
64.450000
64.500000
64.550000
64.600000
64.650000
64.700000
64.750000
64.800000
64.850000
64.900000
64.950000
65.000000
65.050000
65.100000
65.150000
65.200000
65.250000
65.300000
65.350000
65.400000
65.450000
65.500000
65.550000
65.600000
65.650000
65.700000
65.750000
65.800000
65.850000
65.900000
65.950000
66.000000
66.050000
66.100000
66.150000
66.200000
66.250000
66.300000
66.350000
66.400000
66.450000
66.500000
66.550000
66.600000
66.650000
66.700000
66.750000
66.800000
66.850000
66.900000
66.950000
67.000000
67.050000
67.100000
67.150000
67.200000
67.250000
67.300000
67.350000
67.400000
67.450000
67.500000
67.550000
67.600000
67.650000
67.700000
67.750000
67.800000
67.850000
67.900000
67.950000
68.000000
68.050000
68.100000
68.150000
68.200000
68.250000
68.300000
68.350000
68.400000
68.450000
68.500000
68.550000
68.600000
68.650000
68.700000
68.750000
68.800000
68.850000
68.900000
68.950000
69.000000
69.050000
69.100000
69.150000
69.200000
69.250000
69.300000
69.350000
69.400000
69.450000
69.500000
69.550000
69.600000
69.650000
69.700000
69.750000
69.800000
69.850000
69.900000
69.950000
70.000000
70.050000
70.100000
70.150000
70.200000
70.250000
70.300000
70.350000
70.400000
70.450000
70.500000
70.550000
70.600000
70.650000
70.700000
70.750000
70.800000
70.850000
70.900000
70.950000
71.000000
71.050000
71.100000
71.150000
71.200000
71.250000
71.300000
71.350000
71.400000
71.450000
71.500000
71.550000
71.600000
71.650000
71.700000
71.750000
71.800000
71.850000
71.900000
71.950000
72.000000
72.050000
72.100000
72.150000
72.200000
72.250000
72.300000
72.350000
72.400000
72.450000
72.500000
72.550000
72.600000
72.650000
72.700000
72.750000
72.800000
72.850000
72.900000
72.950000
73.000000
73.050000
73.100000
73.150000
73.200000
73.250000
73.300000
73.350000
73.400000
73.450000
73.500000
73.550000
73.600000
73.650000
73.700000
73.750000
73.800000
73.850000
73.900000
73.950000
74.000000
74.050000
74.100000
74.150000
74.200000
74.250000
74.300000
74.350000
74.400000
74.450000
74.500000
74.550000
74.600000
74.650000
74.700000
74.750000
74.800000
74.850000
74.900000
74.950000
75.000000
75.050000
75.100000
75.150000
75.200000
75.250000
75.300000
75.350000
75.400000
75.450000
75.500000
75.550000
75.600000
75.650000
75.700000
75.750000
75.800000
75.850000
75.900000
75.950000
76.000000
76.050000
76.100000
76.150000
76.200000
76.250000
76.300000
76.350000
76.400000
76.450000
76.500000
76.550000
76.600000
76.650000
76.700000
76.750000
76.800000
76.850000
76.900000
76.950000
77.000000
77.050000
77.100000
77.150000
77.200000
77.250000
77.300000
77.350000
77.400000
77.450000
77.500000
77.550000
77.600000
77.650000
77.700000
77.750000
77.800000
77.850000
77.900000
77.950000
78.000000
78.050000
78.100000
78.150000
78.200000
78.250000
78.300000
78.350000
78.400000
78.450000
78.500000
78.550000
78.600000
78.650000
78.700000
78.750000
78.800000
78.850000
78.900000
78.950000
79.000000
79.050000
79.100000
79.150000
79.200000
79.250000
79.300000
79.350000
79.400000
79.450000
79.500000
79.550000
79.600000
79.650000
79.700000
79.750000
79.800000
79.850000
79.900000
79.950000
80.000000
80.050000
80.100000
80.150000
80.200000
80.250000
80.300000
80.350000
80.400000
80.450000
80.500000
80.550000
80.600000
80.650000
80.700000
80.750000
80.800000
80.850000
80.900000
80.950000
81.000000
81.050000
81.100000
81.150000
81.200000
81.250000
81.300000
81.350000
81.400000
81.450000
81.500000
81.550000
81.600000
81.650000
81.700000
81.750000
81.800000
81.850000
81.900000
81.950000
82.000000
82.050000
82.100000
82.150000
82.200000
82.250000
82.300000
82.350000
82.400000
82.450000
82.500000
82.550000
82.600000
82.650000
82.700000
82.750000
82.800000
82.850000
82.900000
82.950000
83.000000
83.050000
83.100000
83.150000
83.200000
83.250000
83.300000
83.350000
83.400000
83.450000
83.500000
83.550000
83.600000
83.650000
83.700000
83.750000
83.800000
83.850000
83.900000
83.950000
84.000000
84.050000
84.100000
84.150000
84.200000
84.250000
84.300000
84.350000
84.400000
84.450000
84.500000
84.550000
84.600000
84.650000
84.700000
84.750000
84.800000
84.850000
84.900000
84.950000
85.000000
85.050000
85.100000
85.150000
85.200000
85.250000
85.300000
85.350000
85.400000
85.450000
85.500000
85.550000
85.600000
85.650000
85.700000
85.750000
85.800000
85.850000
85.900000
85.950000
86.000000
86.050000
86.100000
86.150000
86.200000
86.250000
86.300000
86.350000
86.400000
86.450000
86.500000
86.550000
86.600000
86.650000
86.700000
86.750000
86.800000
86.850000
86.900000
86.950000
87.000000
87.050000
87.100000
87.150000
87.200000
87.250000
87.300000
87.350000
87.400000
87.450000
87.500000
87.550000
87.600000
87.650000
87.700000
87.750000
87.800000
87.850000
87.900000
87.950000
88.000000
88.050000
88.100000
88.150000
88.200000
88.250000
88.300000
88.350000
88.400000
88.450000
88.500000
88.550000
88.600000
88.650000
88.700000
88.750000
88.800000
88.850000
88.900000
88.950000
89.000000
89.050000
89.100000
89.150000
89.200000
89.250000
89.300000
89.350000
89.400000
89.450000
89.500000
89.550000
89.600000
89.650000
89.700000
89.750000
89.800000
89.850000
89.900000
89.950000
90.000000
90.050000
90.100000
90.150000
90.200000
90.250000
90.300000
90.350000
90.400000
90.450000
90.500000
90.550000
90.600000
90.650000
90.700000
90.750000
90.800000
90.850000
90.900000
90.950000
91.000000
91.050000
91.100000
91.150000
91.200000
91.250000
91.300000
91.350000
91.400000
91.450000
91.500000
91.550000
91.600000
91.650000
91.700000
91.750000
91.800000
91.850000
91.900000
91.950000
92.000000
92.050000
92.100000
92.150000
92.200000
92.250000
92.300000
92.350000
92.400000
92.450000
92.500000
92.550000
92.600000
92.650000
92.700000
92.750000
92.800000
92.850000
92.900000
92.950000
93.000000
93.050000
93.100000
93.150000
93.200000
93.250000
93.300000
93.350000
93.400000
93.450000
93.500000
93.550000
93.600000
93.650000
93.700000
93.750000
93.800000
93.850000
93.900000
93.950000
94.000000
94.050000
94.100000
94.150000
94.200000
94.250000
94.300000
94.350000
94.400000
94.450000
94.500000
94.550000
94.600000
94.650000
94.700000
94.750000
94.800000
94.850000
94.900000
94.950000
95.000000
95.050000
95.100000
95.150000
95.200000
95.250000
95.300000
95.350000
95.400000
95.450000
95.500000
95.550000
95.600000
95.650000
95.700000
95.750000
95.800000
95.850000
95.900000
95.950000
96.000000
96.050000
96.100000
96.150000
96.200000
96.250000
