nFeatures: 1365
2 61 55 45 321.990000 456.870000 6 327.200000 481.400000 
2 61 55 45 321.990000 456.870000 6 327.200000 481.400000 
2 40 37 39 241.120000 383.400000 6 226.390000 418.990000 
2 166 149 125 447.790000 549.830000 6 475.650000 567.790000 
2 127 124 127 519.330000 401.260000 6 542.120000 415.570000 
2 72 79 105 336.640000 256.910000 6 318.230000 281.660000 
2 255 254 255 582.210000 70.950000 6 548.050000 85.840000 
2 157 136 119 455.300000 396.330000 6 470.510000 413.560000 
2 66 59 60 223.920000 396.700000 6 212.630000 428.000000 
2 32 26 35 1087.900000 374.730000 6 1093.690000 353.030000 
2 66 63 55 1021.740000 375.420000 6 1055.410000 350.950000 
2 86 93 123 168.890000 206.180000 6 145.750000 237.850000 
2 56 44 45 940.650000 55.760000 6 969.410000 31.520000 
2 135 113 83 703.380000 580.930000 6 769.200000 580.800000 
2 42 35 36 217.840000 466.320000 6 208.660000 502.460000 
2 86 73 68 1211.110000 440.930000 6 1195.400000 410.500000 
2 45 36 41 405.510000 368.490000 6 406.450000 391.750000 
2 45 36 41 405.510000 368.490000 6 406.450000 391.750000 
2 99 191 239 359.300000 328.780000 6 351.660000 355.690000 
2 98 185 224 139.800000 245.300000 6 114.700000 280.140000 
2 49 44 60 56.690000 353.420000 6 31.170000 397.600000 
2 57 78 111 170.050000 295.010000 6 153.070000 325.800000 
2 43 36 39 816.290000 254.280000 6 863.710000 236.900000 
2 191 172 158 636.820000 231.840000 6 652.850000 234.360000 
2 73 72 99 243.930000 224.330000 6 229.290000 249.600000 
2 41 37 36 327.540000 543.550000 6 332.810000 573.630000 
2 143 181 208 1171.310000 448.530000 6 1156.090000 421.310000 
2 143 181 208 1171.310000 448.530000 6 1156.090000 421.310000 
2 143 136 131 188.850000 430.070000 6 174.970000 466.340000 
2 92 177 224 1186.660000 402.880000 6 1169.690000 375.130000 
2 61 52 57 373.260000 362.390000 6 363.600000 386.350000 
2 47 44 47 322.610000 358.980000 6 316.280000 388.910000 
2 40 36 36 707.920000 292.870000 6 741.410000 287.270000 
2 117 140 176 121.530000 205.490000 6 89.900000 237.580000 
2 117 140 176 121.530000 205.490000 6 89.900000 237.580000 
2 219 213 208 833.420000 73.740000 6 863.000000 53.540000 
2 37 29 36 1133.760000 669.150000 6 1213.420000 639.920000 
2 212 186 157 800.950000 548.640000 6 874.740000 540.260000 
2 134 118 90 716.270000 520.420000 6 777.210000 518.250000 
2 45 42 45 289.200000 393.180000 6 280.700000 421.130000 
2 45 42 45 289.200000 393.180000 6 280.700000 421.130000 
2 50 39 35 543.930000 351.430000 6 567.470000 356.200000 
2 243 243 250 720.310000 315.030000 6 757.920000 307.840000 
2 245 254 255 747.990000 305.890000 6 790.230000 295.570000 
2 150 178 197 535.590000 259.230000 6 545.720000 265.760000 
2 244 241 242 1170.550000 567.690000 6 1172.190000 537.840000 
2 40 28 28 734.960000 530.140000 6 796.450000 524.860000 
2 113 103 76 833.720000 424.440000 6 895.770000 413.470000 
2 187 213 213 786.710000 394.420000 6 838.080000 383.630000 
2 65 69 86 216.990000 333.890000 6 198.500000 370.760000 
2 100 96 94 701.090000 329.760000 6 739.650000 323.770000 
2 100 96 94 701.090000 329.760000 6 739.650000 323.770000 
2 117 209 240 151.650000 328.270000 6 134.330000 363.810000 
2 200 195 177 685.220000 325.700000 6 722.510000 321.030000 
2 200 195 177 685.220000 325.700000 6 722.510000 321.030000 
2 241 243 249 719.620000 315.250000 6 757.920000 307.840000 
2 83 184 222 282.260000 202.890000 6 263.670000 227.990000 
2 59 79 115 169.980000 177.490000 6 145.480000 209.260000 
2 122 143 160 514.440000 133.880000 6 511.260000 139.100000 
2 224 215 211 690.060000 86.120000 6 704.990000 79.730000 
2 224 215 211 690.060000 86.120000 6 704.990000 79.730000 
2 76 73 68 707.890000 67.640000 6 720.620000 58.400000 
2 207 201 187 535.200000 770.850000 6 671.380000 800.170000 
2 207 201 187 535.200000 770.850000 6 671.380000 800.170000 
2 115 96 75 539.090000 667.900000 6 610.750000 685.980000 
2 233 236 216 274.600000 571.430000 6 290.910000 603.790000 
2 233 236 216 274.600000 571.430000 6 290.910000 603.790000 
2 249 245 253 1190.010000 569.300000 6 1188.880000 538.030000 
2 71 66 56 166.980000 544.950000 6 167.770000 585.570000 
2 190 172 145 720.670000 539.980000 6 784.300000 537.590000 
2 108 111 94 132.010000 538.530000 6 124.370000 581.100000 
2 37 29 30 1230.280000 520.220000 6 1221.970000 487.470000 
2 23 19 21 340.630000 507.010000 6 338.640000 534.530000 
2 75 69 62 491.340000 455.010000 6 514.780000 469.160000 
2 67 51 47 943.050000 413.320000 6 1016.860000 389.790000 
2 53 54 45 771.480000 408.000000 6 826.530000 399.210000 
2 252 243 225 843.140000 408.370000 6 906.120000 392.570000 
2 104 144 192 1207.690000 390.700000 6 1191.050000 361.750000 
2 54 52 54 215.020000 378.830000 6 201.960000 411.620000 
2 78 178 221 400.580000 335.710000 6 385.280000 359.520000 
2 103 175 222 280.440000 332.900000 6 266.060000 358.140000 
2 88 190 239 353.420000 329.730000 6 343.900000 351.120000 
2 69 90 121 167.030000 294.970000 6 153.240000 328.320000 
2 96 107 133 368.600000 267.620000 6 356.530000 288.690000 
2 220 215 190 848.530000 265.630000 6 899.710000 247.600000 
2 100 155 194 236.560000 197.880000 6 216.670000 224.970000 
2 189 212 239 578.130000 173.400000 6 587.730000 174.290000 
2 190 216 218 717.640000 163.450000 6 738.390000 157.100000 
2 49 41 40 1015.220000 143.190000 6 1021.120000 121.520000 
2 107 192 236 97.390000 124.210000 6 67.720000 156.230000 
2 124 224 254 69.670000 107.660000 6 35.780000 139.440000 
2 148 170 197 719.170000 77.990000 6 733.990000 67.480000 
2 63 67 66 767.270000 57.560000 6 786.450000 43.010000 
2 141 121 107 888.440000 667.570000 6 1016.410000 658.220000 
2 244 236 237 1214.590000 567.720000 6 1213.760000 534.830000 
2 36 30 25 1240.100000 556.490000 6 1235.130000 522.240000 
2 30 27 22 336.020000 554.110000 6 343.690000 583.320000 
2 38 27 13 498.550000 532.650000 6 530.390000 548.670000 
2 38 27 13 498.550000 532.650000 6 530.390000 548.670000 
2 118 111 107 1257.650000 525.620000 6 1248.780000 489.620000 
2 160 150 136 184.180000 517.240000 6 176.330000 556.400000 
2 64 58 48 490.860000 456.440000 6 514.780000 469.160000 
2 106 96 90 1238.280000 436.040000 6 1222.130000 403.830000 
2 253 247 237 757.060000 422.780000 6 813.950000 413.610000 
2 25 24 26 493.040000 402.750000 6 512.300000 414.200000 
2 28 26 27 493.910000 390.200000 6 511.940000 402.200000 
2 144 144 130 1036.580000 378.360000 6 1063.690000 353.520000 
2 23 24 90 85.370000 375.190000 6 59.430000 418.810000 
2 64 70 82 228.710000 304.390000 6 214.120000 334.480000 
2 38 39 25 831.480000 295.920000 6 880.770000 280.070000 
2 164 153 137 856.240000 289.990000 6 910.160000 270.500000 
2 65 76 91 239.980000 285.800000 6 223.420000 316.690000 
2 65 76 91 239.980000 285.800000 6 223.420000 316.690000 
2 72 78 102 194.310000 245.880000 6 175.820000 277.200000 
2 239 230 220 847.770000 241.980000 6 896.410000 222.560000 
2 60 68 80 181.060000 233.740000 6 158.540000 263.960000 
2 167 204 231 511.160000 218.040000 6 517.370000 223.810000 
2 159 191 220 531.980000 203.520000 6 536.810000 209.870000 
2 124 192 243 326.330000 190.530000 6 307.310000 212.550000 
2 178 201 220 563.850000 182.380000 6 571.970000 185.180000 
2 112 191 233 208.120000 181.470000 6 182.640000 208.580000 
2 109 219 254 64.320000 177.180000 6 37.290000 214.090000 
2 109 218 255 170.250000 141.420000 6 143.470000 172.240000 
2 109 218 255 170.250000 141.420000 6 143.470000 172.240000 
2 108 171 221 293.160000 125.500000 6 269.190000 149.370000 
2 108 188 233 209.810000 110.180000 6 182.010000 136.120000 
2 239 234 220 833.840000 100.880000 6 865.230000 80.740000 
2 239 234 220 833.840000 100.880000 6 865.230000 80.740000 
2 87 183 229 292.010000 92.560000 6 267.500000 115.020000 
2 67 128 179 56.770000 80.640000 6 22.330000 112.430000 
2 20 13 1 601.690000 687.480000 6 686.550000 701.000000 
2 157 139 127 479.070000 628.010000 6 528.440000 645.420000 
2 23 16 11 400.300000 591.260000 6 432.710000 616.180000 
2 222 197 183 721.920000 583.350000 6 789.110000 582.420000 
2 92 92 92 1250.000000 555.000000 6 1244.190000 520.890000 
2 120 117 113 159.740000 555.370000 6 160.100000 596.200000 
2 92 96 67 230.810000 551.700000 6 235.000000 587.750000 
2 82 81 72 232.640000 542.530000 6 236.490000 577.890000 
2 37 28 33 405.520000 542.070000 6 429.000000 566.030000 
2 114 116 106 214.220000 539.690000 6 216.290000 577.490000 
2 138 144 128 200.610000 539.130000 6 200.460000 575.760000 
2 61 58 56 159.400000 538.830000 6 157.250000 579.920000 
2 25 18 14 1250.930000 537.360000 6 1243.050000 502.820000 
2 31 21 10 786.940000 523.890000 6 857.480000 515.350000 
2 204 205 198 1241.290000 496.590000 6 1229.910000 462.770000 
2 132 115 105 1206.700000 482.340000 6 1197.460000 452.250000 
2 169 153 137 189.890000 480.640000 6 180.070000 518.460000 
2 129 157 170 1183.170000 478.740000 6 1168.750000 449.170000 
2 152 144 129 901.560000 463.770000 6 979.110000 444.550000 
2 250 246 230 512.630000 462.150000 6 540.490000 474.270000 
2 70 67 80 56.450000 457.910000 6 35.740000 505.740000 
2 254 250 244 546.500000 456.540000 6 578.390000 465.930000 
2 34 28 22 1034.930000 446.650000 6 1073.620000 420.540000 
2 228 217 199 687.840000 422.790000 6 734.090000 418.450000 
2 60 68 75 733.760000 417.690000 6 783.370000 411.610000 
2 80 158 194 1193.000000 414.520000 6 1177.120000 384.890000 
2 80 80 100 390.200000 401.070000 6 381.510000 422.620000 
2 66 76 59 837.060000 399.680000 6 898.800000 384.190000 
2 46 42 40 667.090000 387.770000 6 707.970000 385.270000 
2 47 40 41 526.110000 379.330000 6 547.000000 388.180000 
2 90 171 217 168.500000 349.680000 6 148.470000 383.440000 
2 101 188 215 385.600000 347.210000 6 373.520000 369.500000 
2 102 191 228 369.280000 336.890000 6 358.800000 360.240000 
2 123 177 213 128.860000 314.440000 6 108.230000 351.460000 
2 157 175 192 228.840000 288.470000 6 214.030000 318.940000 
2 174 177 185 497.730000 284.110000 6 505.960000 292.950000 
2 125 162 190 206.480000 281.950000 6 190.970000 311.780000 
2 155 170 174 509.970000 278.510000 6 520.240000 285.990000 
2 60 65 66 324.460000 277.900000 6 312.180000 301.280000 
2 35 60 72 204.990000 260.620000 6 187.580000 291.280000 
2 26 21 2 855.130000 251.740000 6 904.760000 232.440000 
2 26 21 2 855.130000 251.740000 6 904.760000 232.440000 
2 82 88 79 550.530000 250.040000 6 562.660000 256.270000 
2 82 88 79 550.530000 250.040000 6 562.660000 256.270000 
2 168 190 197 542.230000 249.490000 6 554.340000 253.290000 
2 24 23 19 669.880000 247.840000 6 697.140000 243.150000 
2 213 236 254 527.870000 243.980000 6 536.430000 249.580000 
2 207 236 249 540.950000 236.620000 6 551.880000 240.630000 
2 167 161 147 676.220000 235.520000 6 702.750000 230.440000 
2 220 240 254 560.830000 223.740000 6 570.920000 227.000000 
2 150 177 206 529.560000 221.770000 6 536.310000 228.890000 
2 62 68 77 521.600000 221.530000 6 527.580000 226.320000 
2 159 185 196 543.980000 213.220000 6 552.390000 217.740000 
2 195 183 173 678.010000 146.650000 6 696.580000 138.180000 
2 239 246 240 758.470000 143.750000 6 785.820000 130.550000 
2 239 246 240 758.470000 143.750000 6 785.820000 130.550000 
2 236 237 243 535.620000 121.460000 6 532.520000 128.280000 
2 110 189 242 197.040000 119.560000 6 170.730000 144.570000 
2 220 249 254 776.590000 95.240000 6 798.760000 80.560000 
2 231 221 216 689.840000 78.990000 6 703.610000 70.200000 
2 235 232 227 757.510000 32.260000 6 773.660000 17.580000 
2 151 137 130 925.590000 726.110000 6 1065.660000 716.280000 
2 151 137 130 925.590000 726.110000 6 1065.660000 716.280000 
2 85 74 60 649.780000 682.050000 6 733.820000 691.180000 
2 44 29 10 561.560000 664.470000 6 632.260000 680.710000 
2 246 233 213 729.510000 640.520000 6 802.550000 641.680000 
2 123 140 74 264.710000 588.000000 6 283.920000 623.030000 
2 228 229 219 226.610000 583.130000 6 243.050000 620.820000 
2 226 230 217 1254.980000 566.390000 6 1252.790000 530.260000 
2 29 33 4 363.610000 553.260000 6 373.230000 579.140000 
2 104 98 101 1247.520000 546.400000 6 1240.590000 512.300000 
2 69 66 59 775.110000 531.030000 6 840.340000 524.460000 
2 14 14 4 123.560000 531.510000 6 114.150000 575.070000 
2 19 10 0 516.500000 529.820000 6 550.490000 545.330000 
2 19 10 0 516.500000 529.820000 6 550.490000 545.330000 
2 153 147 146 164.960000 520.900000 6 155.630000 559.580000 
2 55 44 44 662.460000 519.040000 6 716.180000 519.530000 
2 16 10 22 159.540000 510.500000 6 148.990000 551.550000 
2 36 35 27 1234.100000 497.680000 6 1223.640000 465.870000 
2 183 180 174 1239.930000 489.220000 6 1228.160000 456.560000 
2 154 149 153 169.240000 487.550000 6 157.480000 526.750000 
2 18 13 5 1232.560000 483.150000 6 1221.240000 450.710000 
2 26 24 21 506.370000 456.120000 6 531.110000 470.030000 
2 100 94 82 188.320000 454.770000 6 175.890000 492.020000 
2 66 65 78 59.250000 445.870000 6 37.880000 495.020000 
2 43 50 80 1185.670000 439.950000 6 1168.950000 413.050000 
2 144 140 150 177.550000 428.940000 6 161.980000 468.250000 
2 22 60 103 1185.680000 419.070000 6 1168.930000 389.760000 
2 106 100 122 156.280000 415.680000 6 137.130000 455.190000 
2 92 90 99 133.480000 412.780000 6 114.650000 453.290000 
2 167 166 167 660.440000 403.940000 6 702.280000 402.750000 
2 10 40 63 150.750000 398.210000 6 131.480000 438.520000 
2 34 29 29 1059.840000 396.500000 6 1079.870000 371.390000 
2 196 192 184 554.650000 378.190000 6 579.840000 383.970000 
2 50 46 44 1042.760000 370.610000 6 1068.110000 346.420000 
2 35 24 14 561.670000 354.000000 6 585.510000 359.550000 
2 13 64 105 91.540000 353.210000 6 64.610000 395.980000 
2 13 64 105 91.540000 353.210000 6 64.610000 395.980000 
2 149 174 207 112.890000 330.310000 6 94.850000 370.100000 
2 33 27 15 683.130000 311.140000 6 718.040000 306.190000 
2 50 64 87 88.700000 308.870000 6 67.580000 347.480000 
2 162 142 140 580.770000 295.080000 6 603.180000 297.180000 
2 133 129 109 504.990000 289.240000 6 505.720000 301.060000 
2 42 30 25 954.990000 266.240000 6 1004.350000 243.830000 
2 45 33 29 954.690000 254.420000 6 1002.240000 229.790000 
2 119 154 195 209.420000 254.460000 6 190.740000 284.610000 
2 188 185 180 663.760000 242.070000 6 690.300000 237.300000 
2 65 57 43 857.220000 236.510000 6 905.920000 217.200000 
2 35 34 38 668.650000 233.900000 6 694.700000 229.760000 
2 44 31 14 841.050000 231.940000 6 888.740000 212.250000 
2 128 207 250 44.770000 221.990000 6 15.630000 262.470000 
2 150 177 206 529.370000 221.880000 6 536.310000 228.890000 
2 46 67 106 328.720000 215.040000 6 312.500000 237.000000 
2 201 182 171 636.200000 213.820000 6 656.110000 210.680000 
2 56 116 157 268.190000 197.420000 6 245.240000 223.670000 
2 193 180 173 675.620000 197.050000 6 698.680000 191.630000 
2 176 184 208 545.490000 191.200000 6 552.220000 195.480000 
2 176 184 208 545.490000 191.200000 6 552.220000 195.480000 
2 59 65 70 554.030000 187.230000 6 560.800000 190.570000 
2 185 166 149 863.510000 186.640000 6 907.690000 165.200000 
2 132 194 249 288.360000 186.320000 6 266.970000 211.910000 
2 132 194 249 288.360000 186.320000 6 266.970000 211.910000 
2 246 240 230 690.390000 171.660000 6 712.940000 163.920000 
2 126 183 231 334.660000 167.430000 6 316.610000 187.960000 
2 65 89 124 423.590000 167.400000 6 406.110000 183.410000 
2 204 216 216 519.460000 135.860000 6 517.190000 141.240000 
2 125 179 229 385.830000 128.410000 6 365.940000 144.200000 
2 125 179 229 385.830000 128.410000 6 365.940000 144.200000 
2 12 55 84 450.760000 124.240000 6 440.530000 135.390000 
2 109 180 233 368.390000 109.130000 6 345.290000 126.160000 
2 201 198 203 494.920000 93.930000 6 487.540000 101.230000 
2 201 198 203 494.920000 93.930000 6 487.540000 101.230000 
2 61 58 51 1013.850000 74.400000 6 1011.510000 56.290000 
2 99 85 92 925.580000 73.940000 6 960.580000 47.430000 
2 26 23 28 707.430000 72.370000 6 721.020000 61.950000 
2 134 146 168 774.190000 34.230000 6 791.140000 19.750000 
2 18 14 26 768.120000 30.860000 6 784.410000 16.230000 
2 89 79 66 751.200000 27.600000 6 767.270000 13.280000 
2 243 250 250 517.260000 25.460000 6 504.980000 32.300000 
2 94 80 67 429.400000 786.980000 6 559.200000 829.220000 
2 94 80 67 429.400000 786.980000 6 559.200000 829.220000 
2 218 214 198 522.840000 777.470000 6 655.090000 807.860000 
2 216 210 196 529.670000 776.110000 6 655.090000 807.860000 
2 223 217 202 540.840000 771.990000 6 671.380000 800.170000 
2 223 217 202 540.840000 771.990000 6 671.380000 800.170000 
2 118 106 94 933.050000 760.840000 6 1084.940000 752.730000 
2 123 102 85 619.090000 748.810000 6 735.920000 766.910000 
2 123 102 85 619.090000 748.810000 6 735.920000 766.910000 
2 135 125 120 858.640000 738.850000 6 988.330000 734.850000 
2 46 28 9 769.150000 693.250000 6 863.640000 693.160000 
2 11 5 0 605.570000 685.030000 6 689.710000 698.150000 
2 172 153 135 523.750000 681.810000 6 600.800000 702.150000 
2 60 62 71 6.840000 662.860000 6 20.470000 727.940000 
2 25 15 7 879.820000 644.050000 6 909.840000 628.990000 
2 250 249 240 766.910000 640.660000 6 856.680000 639.000000 
2 255 250 243 747.320000 639.020000 6 844.980000 638.450000 
2 41 29 20 852.250000 623.730000 6 955.670000 612.980000 
2 184 165 150 830.370000 618.570000 6 932.210000 609.890000 
2 180 167 143 796.100000 585.930000 6 872.340000 579.130000 
2 232 233 222 268.910000 576.650000 6 285.690000 610.730000 
2 162 167 175 1270.650000 574.690000 6 1269.060000 537.940000 
2 67 64 53 1253.810000 572.680000 6 1253.030000 537.140000 
2 67 64 53 1253.810000 572.680000 6 1253.030000 537.140000 
2 56 56 73 187.590000 573.020000 6 195.070000 612.410000 
2 42 43 32 263.730000 572.040000 6 280.280000 607.580000 
2 42 43 32 263.730000 572.040000 6 280.280000 607.580000 
2 128 118 102 1233.990000 565.640000 6 1230.730000 530.380000 
2 30 40 2 264.860000 562.950000 6 280.380000 598.070000 
2 30 40 2 264.860000 562.950000 6 280.380000 598.070000 
2 79 73 66 1163.640000 560.340000 6 1163.110000 531.480000 
2 53 53 37 324.680000 558.470000 6 332.270000 588.150000 
2 109 109 105 1249.790000 557.750000 6 1244.190000 520.890000 
2 203 200 217 147.350000 557.180000 6 147.790000 599.840000 
2 66 67 45 374.540000 551.830000 6 382.760000 577.780000 
2 42 34 35 1254.450000 547.640000 6 1247.310000 513.080000 
2 65 48 49 662.180000 546.750000 6 718.730000 552.140000 
2 123 112 110 1228.010000 543.870000 6 1222.090000 510.860000 
2 34 24 19 1267.390000 539.070000 6 1260.700000 505.630000 
2 251 254 247 1193.030000 537.510000 6 1182.730000 506.560000 
2 13 9 20 18.510000 535.410000 6 7.170000 586.610000 
2 28 20 14 1229.240000 531.900000 6 1222.550000 500.090000 
2 1 5 12 80.640000 528.230000 6 41.650000 576.260000 
2 110 102 103 1240.650000 520.860000 6 1231.790000 487.130000 
2 17 11 20 159.140000 520.130000 6 149.040000 561.090000 
2 112 110 119 89.680000 518.130000 6 48.730000 565.040000 
2 112 110 119 89.680000 518.130000 6 48.730000 565.040000 
2 24 20 22 378.150000 514.080000 6 377.350000 538.770000 
2 35 24 12 192.220000 513.630000 6 185.080000 551.920000 
2 136 119 111 1214.940000 512.620000 6 1207.940000 481.950000 
2 12 13 22 148.070000 509.180000 6 132.960000 551.270000 
2 65 56 35 183.190000 488.360000 6 172.780000 527.040000 
2 37 32 22 1242.170000 482.670000 6 1230.860000 449.100000 
2 178 165 149 180.370000 482.920000 6 169.600000 521.220000 
2 178 165 149 180.370000 482.920000 6 169.600000 521.220000 
2 64 60 69 53.580000 479.730000 6 34.330000 526.750000 
2 133 116 109 1216.110000 471.280000 6 1202.040000 438.470000 
2 232 223 206 521.150000 461.780000 6 546.160000 474.520000 
2 173 159 145 937.600000 461.070000 6 1020.030000 439.280000 
2 161 199 230 1180.800000 458.720000 6 1164.880000 430.450000 
2 208 204 181 835.370000 458.010000 6 904.310000 444.030000 
2 8 7 20 52.570000 451.660000 6 31.270000 499.380000 
2 59 47 43 1225.660000 445.240000 6 1212.070000 414.000000 
2 40 35 49 169.660000 442.670000 6 154.870000 481.460000 
2 17 16 29 54.750000 440.480000 6 32.220000 486.920000 
2 241 228 208 690.500000 435.470000 6 738.870000 432.910000 
2 37 30 24 203.190000 431.130000 6 191.170000 466.370000 
2 178 171 164 198.130000 429.440000 6 185.650000 464.830000 
2 74 70 78 109.160000 418.900000 6 89.310000 461.180000 
2 111 123 128 728.730000 413.010000 6 776.470000 406.790000 
2 137 181 227 1142.120000 406.490000 6 1126.680000 381.580000 
2 99 93 102 408.920000 403.230000 6 400.820000 424.080000 
2 99 93 102 408.920000 403.230000 6 400.820000 424.080000 
2 34 29 29 1059.710000 396.760000 6 1079.870000 371.390000 
2 93 89 99 80.700000 387.450000 6 57.770000 430.980000 
2 139 155 186 727.800000 374.620000 6 773.590000 369.420000 
2 43 40 32 211.670000 372.470000 6 194.910000 407.020000 
2 215 205 188 854.950000 366.060000 6 916.280000 349.590000 
2 150 140 139 432.020000 363.230000 6 440.730000 379.690000 
2 0 56 96 167.070000 358.150000 6 152.140000 394.700000 
2 0 56 96 167.070000 358.150000 6 152.140000 394.700000 
2 182 195 191 824.140000 351.390000 6 874.230000 337.950000 
2 163 198 229 335.510000 347.890000 6 322.700000 372.680000 
2 74 63 51 560.380000 344.010000 6 583.640000 349.930000 
2 55 79 88 342.020000 344.460000 6 328.060000 369.010000 
2 9 45 77 71.150000 343.190000 6 42.170000 386.000000 
2 125 143 177 728.010000 338.720000 6 769.600000 330.920000 
2 69 58 42 560.260000 337.490000 6 582.610000 342.240000 
2 164 250 255 61.270000 336.230000 6 31.330000 379.750000 
2 126 112 102 954.290000 335.120000 6 1013.120000 312.660000 
2 141 180 229 397.480000 320.170000 6 386.350000 341.370000 
2 122 127 126 754.880000 317.390000 6 798.150000 306.890000 
2 210 201 188 681.980000 304.310000 6 717.020000 298.840000 
2 129 169 196 1108.820000 298.580000 6 1098.110000 275.830000 
2 135 160 192 402.340000 295.000000 6 389.320000 314.840000 
2 7 21 31 1105.610000 292.720000 6 1094.450000 270.490000 
2 49 79 112 146.250000 278.090000 6 131.340000 311.260000 
2 24 18 14 966.810000 272.110000 6 1013.030000 246.730000 
2 23 22 14 833.510000 260.270000 6 880.560000 242.220000 
2 189 181 161 759.590000 256.160000 6 811.810000 238.740000 
2 43 33 14 867.010000 251.170000 6 918.830000 230.470000 
2 54 47 49 1045.440000 243.060000 6 1051.050000 220.280000 
2 159 179 208 500.700000 237.960000 6 505.470000 248.510000 
2 176 201 228 501.330000 227.650000 6 504.330000 236.880000 
2 32 58 94 355.370000 226.690000 6 341.490000 246.490000 
2 178 195 218 528.830000 201.080000 6 533.120000 207.150000 
2 105 93 91 955.120000 197.340000 6 994.300000 171.720000 
2 22 34 59 531.120000 194.250000 6 535.250000 200.010000 
2 130 182 229 385.010000 162.270000 6 365.050000 181.040000 
2 83 84 81 579.880000 159.780000 6 587.990000 160.250000 
2 128 190 230 50.580000 154.140000 6 18.520000 190.940000 
2 128 190 230 50.580000 154.140000 6 18.520000 190.940000 
2 142 217 255 148.600000 141.590000 6 120.470000 173.250000 
2 71 122 176 257.440000 141.560000 6 231.050000 166.210000 
2 22 76 132 179.900000 138.970000 6 153.220000 168.590000 
2 41 113 167 161.920000 138.210000 6 133.720000 169.480000 
2 129 209 252 98.550000 137.000000 6 68.170000 170.290000 
2 128 182 230 270.420000 135.410000 6 245.370000 159.990000 
2 125 204 250 249.630000 128.810000 6 222.630000 153.300000 
2 71 137 182 82.270000 118.370000 6 50.850000 147.870000 
2 146 216 254 76.390000 117.820000 6 44.300000 151.240000 
2 119 188 220 449.840000 117.240000 6 439.050000 129.490000 
2 164 158 147 677.870000 81.790000 6 689.020000 76.130000 
2 255 248 246 666.020000 70.600000 6 676.760000 63.770000 
2 69 61 59 696.850000 65.650000 6 709.840000 56.490000 
2 126 219 253 78.650000 64.450000 6 46.240000 93.870000 
2 19 24 41 724.620000 61.120000 6 743.210000 46.840000 
2 42 43 34 751.660000 42.330000 6 767.850000 28.720000 
2 91 118 137 461.570000 38.920000 6 445.810000 49.320000 
2 124 122 110 525.390000 771.880000 6 655.280000 801.560000 
2 124 122 110 525.390000 771.880000 6 655.280000 801.560000 
2 160 146 131 940.260000 766.810000 6 1096.380000 758.610000 
2 27 16 2 904.380000 766.780000 6 1057.340000 761.340000 
2 118 106 94 933.410000 760.770000 6 1084.940000 752.730000 
2 51 33 9 1111.640000 726.730000 6 1242.240000 702.180000 
2 51 33 9 1111.640000 726.730000 6 1242.240000 702.180000 
2 175 161 145 1028.860000 726.060000 6 1153.170000 707.090000 
2 68 52 43 1025.560000 722.330000 6 1147.560000 703.600000 
2 30 17 4 848.950000 713.520000 6 963.060000 707.540000 
2 60 55 45 813.230000 702.850000 6 941.780000 700.380000 
2 156 139 129 655.220000 697.100000 6 746.480000 706.000000 
2 56 41 33 656.730000 692.460000 6 745.610000 702.270000 
2 45 35 21 711.370000 680.630000 6 796.550000 684.830000 
2 45 35 21 711.370000 680.630000 6 796.550000 684.830000 
2 162 151 137 640.520000 678.920000 6 722.950000 689.130000 
2 217 205 192 559.390000 655.140000 6 625.100000 670.570000 
2 34 22 10 567.470000 654.550000 6 634.270000 669.230000 
2 39 33 18 555.450000 648.670000 6 619.960000 663.810000 
2 255 249 244 746.850000 638.750000 6 844.980000 638.450000 
2 54 44 26 849.330000 635.870000 6 432.710000 616.180000 
2 38 20 5 620.550000 614.020000 6 698.720000 622.710000 
2 247 233 230 246.460000 608.810000 6 270.410000 644.890000 
2 76 66 52 412.810000 606.240000 6 448.460000 630.600000 
2 172 161 151 392.510000 603.120000 6 425.800000 629.340000 
2 52 37 33 955.010000 593.740000 6 1053.490000 573.710000 
2 178 180 180 1257.710000 577.870000 6 1256.630000 541.710000 
2 60 61 77 187.420000 572.640000 6 195.070000 612.410000 
2 79 74 79 1201.800000 569.850000 6 1202.880000 537.250000 
2 14 21 0 392.390000 565.710000 6 421.770000 590.650000 
2 36 33 48 152.160000 560.820000 6 154.300000 603.010000 
2 133 144 92 260.790000 560.120000 6 276.720000 593.000000 
2 61 63 63 1273.080000 559.700000 6 1268.140000 523.100000 
2 21 20 24 771.530000 556.970000 6 839.580000 551.210000 
2 165 165 153 325.890000 553.310000 6 332.420000 582.980000 
2 39 44 8 309.880000 553.580000 6 315.980000 584.100000 
2 28 29 2 386.740000 550.520000 6 392.220000 575.880000 
2 216 206 202 407.860000 548.390000 6 429.800000 570.880000 
2 180 184 181 140.540000 543.720000 6 136.960000 586.520000 
2 198 201 202 135.180000 543.150000 6 130.400000 586.060000 
2 84 79 95 21.900000 540.040000 6 10.430000 590.790000 
2 114 102 100 1271.180000 536.300000 6 1263.350000 500.560000 
2 143 143 133 141.690000 532.810000 6 135.430000 575.520000 
2 106 99 93 1253.980000 531.830000 6 1245.780000 497.540000 
2 107 100 96 1233.370000 529.030000 6 1226.070000 496.040000 
2 107 100 96 1233.370000 529.030000 6 1226.070000 496.040000 
2 181 168 146 510.740000 524.830000 6 544.420000 539.790000 
2 96 94 104 106.240000 522.200000 6 92.140000 567.400000 
2 120 112 113 1249.690000 521.350000 6 1240.440000 486.860000 
2 187 177 155 185.560000 521.020000 6 179.590000 560.130000 
2 168 158 134 733.010000 519.690000 6 795.960000 515.540000 
2 86 69 60 1213.880000 517.190000 6 1206.570000 485.680000 
2 201 188 166 783.270000 516.940000 6 851.700000 509.250000 
2 94 90 90 330.310000 517.000000 6 331.210000 545.820000 
2 124 111 113 1231.890000 511.640000 6 1222.540000 478.470000 
2 49 35 31 1257.040000 506.760000 6 1246.670000 472.260000 
2 141 130 114 431.230000 505.230000 6 458.890000 523.470000 
2 49 33 21 1210.320000 500.230000 6 1199.870000 467.550000 
2 112 96 84 1213.620000 498.100000 6 1203.930000 466.090000 
2 147 143 148 166.850000 497.440000 6 155.540000 539.240000 
2 117 102 90 1219.660000 491.160000 6 1208.510000 459.270000 
2 130 122 105 605.870000 489.070000 6 648.510000 494.130000 
2 133 121 116 1267.400000 486.000000 6 1255.690000 450.690000 
2 42 31 19 662.900000 485.740000 6 713.760000 486.830000 
2 237 228 205 649.900000 477.400000 6 698.020000 478.870000 
2 35 31 42 165.970000 477.100000 6 152.610000 517.010000 
2 164 154 133 744.530000 475.430000 6 804.440000 469.450000 
2 224 214 198 670.880000 475.280000 6 721.320000 475.060000 
2 59 56 61 33.140000 473.020000 6 8.460000 522.850000 
2 31 22 0 741.230000 472.020000 6 801.720000 465.920000 
2 50 38 26 196.910000 470.590000 6 188.040000 507.460000 
2 181 171 153 798.070000 470.090000 6 863.730000 459.900000 
2 184 181 176 270.600000 464.100000 6 278.830000 493.470000 
2 128 123 107 309.150000 455.050000 6 308.270000 483.570000 
2 213 203 188 482.130000 440.560000 6 504.060000 454.080000 
2 7 5 12 1103.640000 440.000000 6 1104.910000 414.480000 
2 183 176 170 186.550000 434.780000 6 172.350000 471.980000 
2 64 62 69 95.510000 427.570000 6 75.750000 470.800000 
2 132 159 188 1160.790000 425.900000 6 1145.570000 399.430000 
2 94 90 92 338.500000 425.390000 6 330.530000 451.220000 
2 63 74 69 717.820000 418.190000 6 763.170000 413.470000 
2 80 68 60 766.000000 417.750000 6 821.530000 408.420000 
2 80 68 60 766.000000 417.750000 6 821.530000 408.420000 
2 20 17 20 83.220000 412.420000 6 60.700000 456.260000 
2 228 215 193 850.790000 411.930000 6 915.710000 396.210000 
2 67 76 59 838.730000 397.730000 6 899.710000 382.490000 
2 144 180 217 1219.640000 393.960000 6 1201.600000 363.230000 
2 177 203 249 145.720000 392.760000 6 123.740000 432.430000 
2 177 203 249 145.720000 392.760000 6 123.740000 432.430000 
2 147 140 142 518.590000 388.880000 6 539.980000 398.530000 
2 57 54 59 66.730000 382.780000 6 41.390000 427.250000 
2 31 20 6 484.190000 381.630000 6 500.970000 394.110000 
2 154 240 255 159.270000 378.550000 6 144.610000 414.810000 
2 156 153 140 206.900000 373.050000 6 190.390000 406.490000 
2 29 34 58 78.240000 370.050000 6 52.700000 413.750000 
2 39 23 6 485.310000 366.690000 6 501.780000 378.980000 
2 113 106 109 520.730000 364.250000 6 540.370000 372.910000 
2 185 198 194 823.690000 351.130000 6 874.230000 337.950000 
2 179 170 165 555.820000 349.560000 6 578.720000 355.500000 
2 164 250 255 61.100000 336.440000 6 31.330000 379.750000 
2 135 209 255 353.080000 335.760000 6 343.110000 358.060000 
2 21 52 94 122.850000 328.710000 6 104.060000 366.850000 
2 84 179 199 56.620000 327.690000 6 26.160000 371.240000 
2 212 205 183 851.270000 326.340000 6 908.300000 309.070000 
2 165 155 148 672.550000 318.770000 6 707.010000 313.550000 
2 213 204 187 678.520000 313.850000 6 713.830000 309.530000 
2 210 201 188 681.990000 304.510000 6 717.020000 298.840000 
2 185 212 239 83.010000 303.690000 6 61.530000 343.900000 
2 219 211 196 681.910000 290.950000 6 716.040000 286.120000 
2 81 156 197 57.600000 290.960000 6 35.180000 331.730000 
2 140 221 253 50.930000 290.320000 6 25.760000 331.610000 
2 245 245 229 833.150000 287.470000 6 882.450000 270.730000 
2 12 11 13 755.380000 286.150000 6 796.400000 275.060000 
2 122 236 255 49.920000 282.390000 6 26.250000 324.220000 
2 210 200 182 703.420000 277.700000 6 738.020000 270.860000 
2 28 88 132 98.730000 273.120000 6 81.340000 310.200000 
2 157 194 235 135.140000 269.190000 6 118.510000 302.050000 
2 233 230 204 843.310000 262.080000 6 892.600000 243.940000 
2 132 156 202 412.960000 259.400000 6 398.120000 277.650000 
2 60 76 118 408.810000 256.240000 6 394.320000 273.790000 
2 185 183 184 555.300000 254.960000 6 567.310000 260.580000 
2 75 121 166 418.130000 248.430000 6 404.540000 266.560000 
2 239 230 217 848.120000 245.840000 6 897.200000 226.830000 
2 222 214 193 861.920000 242.310000 6 911.930000 221.980000 
2 120 225 255 106.350000 240.410000 6 86.650000 274.660000 
2 56 78 110 338.130000 221.070000 6 323.320000 241.910000 
2 204 200 200 663.710000 218.000000 6 688.230000 213.340000 
2 179 197 220 528.380000 210.050000 6 533.340000 216.870000 
2 149 178 205 265.940000 209.310000 6 244.780000 235.550000 
2 133 167 211 328.440000 206.420000 6 310.750000 227.880000 
2 176 189 212 528.630000 200.920000 6 532.750000 206.930000 
2 22 34 59 531.140000 194.270000 6 535.420000 200.020000 
2 90 84 74 518.550000 192.710000 6 521.410000 199.170000 
2 125 123 113 586.460000 189.920000 6 598.250000 190.200000 
2 139 184 235 430.420000 190.140000 6 413.180000 206.030000 
2 39 112 165 333.990000 189.630000 6 315.820000 211.700000 
2 39 112 165 333.990000 189.630000 6 315.820000 211.700000 
2 34 68 111 313.430000 185.230000 6 294.930000 209.040000 
2 34 68 111 313.430000 185.230000 6 294.930000 209.040000 
2 34 102 145 109.870000 183.550000 6 82.290000 218.060000 
2 193 189 176 548.550000 175.390000 6 554.150000 179.070000 
2 96 92 74 544.290000 174.250000 6 550.320000 177.240000 
2 73 142 185 178.350000 164.900000 6 150.310000 195.250000 
2 167 155 151 675.900000 161.450000 6 695.550000 154.470000 
2 205 194 185 491.870000 161.640000 6 489.970000 169.940000 
2 147 135 123 563.850000 149.840000 6 569.150000 151.850000 
2 122 177 231 408.040000 150.200000 6 388.790000 167.940000 
2 26 104 154 187.990000 150.160000 6 162.440000 179.720000 
2 29 106 157 151.730000 149.740000 6 123.720000 181.590000 
2 111 106 92 580.850000 147.550000 6 588.910000 147.110000 
2 111 106 92 580.850000 147.550000 6 588.910000 147.110000 
2 127 213 254 160.120000 147.230000 6 131.880000 178.210000 
2 40 109 160 144.460000 145.220000 6 117.570000 177.390000 
2 26 93 141 211.040000 144.110000 6 186.060000 171.600000 
2 26 93 141 211.040000 144.110000 6 186.060000 171.600000 
2 160 147 158 918.520000 142.620000 6 965.250000 116.410000 
2 62 124 170 273.190000 142.420000 6 248.250000 166.140000 
2 99 92 87 762.030000 140.420000 6 789.500000 126.950000 
2 67 131 176 281.780000 137.070000 6 254.350000 159.070000 
2 135 192 234 238.830000 136.780000 6 213.260000 163.020000 
2 71 137 188 151.390000 137.260000 6 122.470000 168.660000 
2 121 187 243 393.240000 136.110000 6 373.010000 152.140000 
2 140 202 252 282.140000 131.190000 6 257.360000 152.470000 
2 88 94 94 524.690000 130.120000 6 522.740000 136.350000 
2 125 188 239 396.430000 128.690000 6 377.280000 144.270000 
2 119 173 227 301.550000 114.430000 6 278.550000 134.400000 
2 133 199 248 281.720000 110.900000 6 256.470000 134.540000 
2 41 105 162 217.550000 108.530000 6 189.220000 134.490000 
2 118 172 228 404.540000 107.160000 6 384.570000 121.980000 
2 69 127 181 299.480000 102.580000 6 276.010000 123.280000 
2 157 202 247 149.920000 99.030000 6 119.610000 127.710000 
2 118 190 243 317.140000 93.810000 6 290.670000 114.890000 
2 65 65 75 707.170000 89.930000 6 721.680000 78.800000 
2 44 108 154 88.530000 88.030000 6 56.530000 118.890000 
2 199 181 163 899.120000 84.790000 6 937.360000 59.430000 
2 207 188 173 891.340000 84.420000 6 928.930000 60.080000 
2 143 226 255 90.200000 84.270000 6 58.210000 115.070000 
2 48 112 161 60.240000 84.160000 6 26.300000 115.800000 
2 49 109 155 338.110000 83.630000 6 313.360000 102.700000 
2 62 120 168 104.640000 82.550000 6 71.410000 113.650000 
2 130 187 230 237.880000 80.390000 6 209.880000 105.360000 
2 71 129 174 234.170000 76.590000 6 204.200000 101.110000 
2 210 196 183 907.830000 75.830000 6 946.380000 50.010000 
2 190 178 162 882.350000 75.980000 6 917.970000 52.520000 
2 72 127 175 173.810000 68.880000 6 142.260000 95.620000 
2 181 168 146 890.620000 67.140000 6 925.950000 42.670000 
2 129 177 228 343.070000 66.140000 6 315.790000 83.870000 
2 129 177 228 343.070000 66.140000 6 315.790000 83.870000 
2 126 210 250 189.450000 65.940000 6 158.360000 92.770000 
2 142 131 121 689.460000 58.680000 6 702.930000 49.800000 
2 96 132 153 459.730000 54.340000 6 444.960000 64.070000 
2 144 153 161 771.980000 51.900000 6 791.200000 35.810000 
2 87 114 128 461.420000 39.230000 6 445.810000 49.320000 
2 29 53 73 799.670000 38.240000 6 820.680000 20.880000 
2 164 161 156 677.960000 37.710000 6 686.030000 29.990000 
2 118 180 224 459.530000 33.490000 6 442.330000 43.110000 
2 125 190 230 460.480000 23.230000 6 442.300000 33.980000 
2 158 166 153 531.870000 18.400000 6 519.370000 24.660000 
2 104 105 121 587.330000 13.920000 6 582.790000 12.870000 
2 125 179 212 468.980000 12.220000 6 452.770000 20.920000 
2 229 225 216 525.470000 767.610000 6 654.980000 797.980000 
2 204 191 171 567.000000 764.230000 6 692.510000 788.420000 
2 36 22 9 936.350000 764.150000 6 1089.550000 757.120000 
2 150 140 124 900.370000 763.950000 6 1053.810000 759.100000 
2 139 132 120 509.630000 762.770000 6 631.530000 792.580000 
2 128 130 128 327.570000 759.990000 6 266.430000 776.410000 
2 51 35 13 843.640000 743.020000 6 975.410000 740.460000 
2 130 115 105 475.560000 743.170000 6 586.090000 774.470000 
2 51 34 18 961.290000 742.030000 6 1098.030000 730.040000 
2 153 142 126 965.100000 733.680000 6 1096.670000 717.870000 
2 149 137 129 850.050000 733.650000 6 977.020000 728.910000 
2 128 109 96 935.970000 730.940000 6 1076.560000 720.240000 
2 163 144 133 930.160000 727.520000 6 1071.460000 717.600000 
2 164 145 127 614.330000 721.230000 6 716.350000 736.630000 
2 85 37 18 1002.180000 716.660000 6 1123.030000 699.640000 
2 129 113 101 445.550000 715.900000 6 559.220000 754.370000 
2 130 115 104 426.590000 716.230000 6 518.400000 748.590000 
2 193 175 155 751.940000 711.720000 6 858.190000 714.000000 
2 215 206 185 734.270000 707.540000 6 836.820000 711.120000 
2 215 206 185 734.270000 707.540000 6 836.820000 711.120000 
2 179 169 148 741.170000 706.310000 6 844.430000 709.300000 
2 119 104 95 419.090000 701.340000 6 511.980000 736.830000 
2 155 135 110 770.330000 697.540000 6 866.750000 697.650000 
2 137 127 112 606.420000 689.530000 6 692.460000 702.660000 
2 196 182 168 637.800000 685.510000 6 722.820000 695.930000 
2 151 137 124 626.290000 684.600000 6 707.710000 696.770000 
2 167 156 137 695.360000 683.490000 6 781.780000 688.970000 
2 145 137 122 613.460000 681.430000 6 695.310000 694.460000 
2 94 84 63 661.420000 679.610000 6 744.090000 687.690000 
2 162 151 137 640.630000 678.940000 6 722.950000 689.130000 
2 146 136 118 656.340000 667.300000 6 733.010000 674.920000 
2 139 125 112 643.070000 665.980000 6 720.070000 675.610000 
2 29 15 5 646.470000 664.410000 6 721.600000 672.710000 
2 163 144 126 498.350000 661.830000 6 567.220000 682.230000 
2 224 223 218 924.310000 659.720000 6 1043.890000 645.060000 
2 141 122 101 491.980000 654.130000 6 561.160000 675.450000 
2 164 154 139 531.210000 647.780000 6 558.360000 659.770000 
2 99 85 62 860.890000 643.470000 6 951.810000 633.430000 
2 148 133 124 276.850000 629.900000 6 305.480000 662.440000 
2 105 99 88 653.660000 628.410000 6 727.410000 635.720000 
2 118 100 80 910.510000 620.030000 6 1006.060000 605.560000 
2 11 6 16 1182.700000 619.180000 6 1224.180000 586.120000 
2 197 176 167 951.330000 614.530000 6 1052.530000 596.690000 
2 109 90 72 907.310000 614.620000 6 1002.550000 600.030000 
2 108 89 76 948.600000 611.690000 6 1048.520000 593.670000 
2 108 89 76 948.600000 611.690000 6 1048.520000 593.670000 
2 100 82 61 941.410000 610.970000 6 1040.620000 593.970000 
2 121 100 90 524.910000 609.770000 6 589.280000 626.080000 
2 121 102 79 937.830000 604.820000 6 1035.590000 587.510000 
2 96 72 54 857.260000 605.140000 6 943.850000 594.160000 
2 96 72 54 857.260000 605.140000 6 943.850000 594.160000 
2 84 75 62 429.150000 605.280000 6 467.000000 628.280000 
2 132 117 109 246.280000 604.560000 6 269.340000 640.770000 
2 102 87 68 941.350000 599.120000 6 1039.560000 581.410000 
2 105 83 53 921.040000 597.930000 6 1016.150000 581.490000 
2 160 151 140 397.060000 596.210000 6 430.340000 622.220000 
2 106 86 61 856.090000 594.180000 6 941.590000 582.950000 
2 108 85 60 924.470000 592.270000 6 1018.790000 575.430000 
2 102 84 65 912.500000 591.640000 6 1004.540000 575.660000 
2 102 84 65 912.500000 591.640000 6 1004.540000 575.660000 
2 130 103 82 836.780000 587.540000 6 919.180000 577.670000 
2 90 74 63 947.210000 586.820000 6 1044.770000 568.210000 
2 81 61 38 928.010000 586.450000 6 1022.700000 569.290000 
2 125 143 78 266.390000 585.100000 6 283.460000 619.830000 
2 79 100 31 316.960000 583.310000 6 337.210000 613.710000 
2 187 172 152 896.030000 581.640000 6 985.460000 566.660000 
2 212 188 172 720.370000 580.230000 6 786.930000 579.460000 
2 129 115 87 940.480000 575.300000 6 1072.950000 560.300000 
2 94 82 54 946.540000 575.230000 6 1042.420000 556.090000 
2 117 101 71 933.890000 574.900000 6 1026.970000 556.790000 
2 127 109 84 451.720000 570.850000 6 468.870000 588.560000 
2 123 104 73 917.750000 568.460000 6 1008.490000 551.260000 
2 232 239 205 395.040000 568.450000 6 425.260000 592.100000 
2 238 243 209 337.790000 567.030000 6 352.130000 595.280000 
2 121 96 62 810.370000 566.280000 6 902.850000 556.980000 
2 125 101 77 877.900000 562.040000 6 962.610000 548.050000 
2 105 87 63 863.110000 562.000000 6 946.940000 548.840000 
2 105 87 63 863.110000 562.000000 6 946.940000 548.840000 
2 207 187 164 866.900000 559.380000 6 950.150000 546.180000 
2 128 142 94 269.250000 559.320000 6 285.300000 592.730000 
2 116 92 70 887.040000 556.790000 6 972.390000 541.910000 
2 193 175 146 932.390000 555.900000 6 1023.730000 536.930000 
2 23 24 37 142.320000 555.470000 6 141.860000 598.670000 
2 175 157 133 937.660000 555.090000 6 1028.710000 535.830000 
2 53 42 35 1002.680000 552.700000 6 1074.160000 529.990000 
2 110 93 64 915.600000 552.270000 6 1005.750000 534.720000 
2 24 31 4 240.260000 551.300000 6 245.470000 586.490000 
2 61 54 53 1173.010000 550.390000 6 1169.270000 519.550000 
2 172 154 126 923.290000 549.850000 6 1013.130000 531.500000 
2 62 42 35 952.050000 546.590000 6 1044.480000 526.430000 
2 62 42 35 952.050000 546.590000 6 1044.480000 526.430000 
2 97 78 67 947.710000 546.440000 6 1040.700000 526.230000 
2 114 96 76 942.830000 546.530000 6 1033.420000 526.940000 
2 108 81 58 880.690000 546.490000 6 964.390000 531.600000 
2 66 53 44 1222.740000 541.860000 6 1216.450000 508.760000 
2 131 103 75 847.610000 541.820000 6 926.930000 529.540000 
2 101 104 86 307.770000 541.780000 6 312.760000 572.530000 
2 74 75 66 773.950000 540.520000 6 840.140000 535.160000 
2 52 47 60 27.120000 537.600000 6 14.460000 588.670000 
2 119 95 71 823.600000 536.900000 6 898.860000 526.070000 
2 98 92 88 311.560000 531.830000 6 316.540000 561.730000 
2 99 76 50 857.360000 531.000000 6 936.340000 517.680000 
2 41 29 21 951.650000 529.940000 6 1042.170000 508.890000 
2 92 84 84 1237.790000 526.850000 6 1230.070000 493.170000 
2 166 156 133 516.360000 525.090000 6 550.950000 539.020000 
2 36 30 26 309.610000 524.630000 6 313.270000 554.800000 
2 34 28 24 303.850000 519.040000 6 307.020000 550.930000 
2 19 15 25 106.890000 518.420000 6 93.200000 563.450000 
2 94 79 58 943.500000 518.140000 6 1033.360000 497.110000 
2 185 166 145 911.940000 515.720000 6 996.780000 497.010000 
2 11 7 9 379.800000 515.460000 6 379.770000 540.530000 
2 12 8 10 335.560000 514.590000 6 333.870000 542.740000 
2 39 32 33 256.980000 514.540000 6 251.920000 547.050000 
2 28 15 10 951.090000 512.850000 6 1040.040000 490.900000 
2 104 86 61 914.600000 513.140000 6 999.850000 494.380000 
2 117 104 100 1257.090000 511.160000 6 1246.790000 476.310000 
2 67 50 42 1219.730000 511.190000 6 1211.060000 479.230000 
2 89 72 44 860.220000 510.000000 6 938.690000 495.500000 
2 101 83 56 917.550000 507.550000 6 1001.390000 488.430000 
2 12 5 4 264.250000 504.890000 6 261.600000 539.290000 
2 103 84 63 889.860000 503.400000 6 970.690000 486.460000 
2 102 88 65 933.090000 501.060000 6 1019.500000 480.760000 
2 83 78 82 169.760000 493.070000 6 158.470000 532.140000 
2 143 135 118 583.830000 490.440000 6 628.340000 497.060000 
2 86 76 55 905.180000 485.930000 6 986.050000 467.300000 
2 123 113 108 175.810000 484.910000 6 164.260000 524.210000 
2 90 78 72 1227.040000 484.040000 6 1216.040000 450.880000 
2 191 187 164 667.080000 483.170000 6 717.370000 483.590000 
2 172 156 148 179.480000 480.580000 6 168.150000 519.360000 
2 134 125 136 169.900000 478.880000 6 157.290000 517.990000 
2 208 193 174 733.360000 477.210000 6 791.430000 472.400000 
2 67 61 55 283.960000 470.440000 6 283.450000 505.090000 
2 123 111 107 1249.820000 467.380000 6 1238.310000 433.610000 
2 141 135 129 281.350000 464.030000 6 290.450000 493.590000 
2 95 82 62 931.070000 462.120000 6 1011.450000 441.060000 
2 95 82 62 931.070000 462.120000 6 1011.450000 441.060000 
2 99 84 75 941.620000 460.890000 6 1024.510000 438.660000 
2 96 79 59 745.290000 457.640000 6 802.350000 451.220000 
2 41 39 36 505.730000 456.060000 6 568.040000 460.040000 
2 28 25 28 367.410000 454.580000 6 344.810000 478.950000 
2 48 46 48 538.880000 449.910000 6 568.040000 460.040000 
2 102 84 63 864.240000 443.470000 6 934.160000 426.980000 
2 61 62 60 512.980000 442.920000 6 538.570000 457.490000 
2 36 32 16 310.490000 441.320000 6 308.600000 469.210000 
2 110 90 70 890.030000 440.390000 6 983.820000 417.850000 
2 104 91 71 927.300000 436.060000 6 983.820000 417.850000 
2 70 57 47 939.570000 435.080000 6 1017.850000 412.180000 
2 105 92 78 933.820000 435.130000 6 1011.430000 413.060000 
2 85 81 83 336.700000 432.830000 6 329.650000 458.960000 
2 185 178 172 190.590000 432.420000 6 176.710000 469.410000 
2 239 228 210 689.190000 429.940000 6 736.950000 427.380000 
2 45 40 44 375.590000 429.750000 6 369.570000 453.590000 
2 125 113 85 763.130000 428.800000 6 820.030000 420.210000 
2 36 32 34 341.310000 429.040000 6 334.080000 455.160000 
2 115 101 72 854.710000 424.560000 6 921.120000 408.680000 
2 111 107 78 817.970000 420.120000 6 880.740000 406.760000 
2 127 156 185 1157.990000 419.450000 6 1142.690000 392.860000 
2 127 181 227 1180.440000 418.520000 6 1164.050000 390.050000 
2 114 114 113 757.880000 416.870000 6 811.900000 407.840000 
2 105 93 67 847.110000 415.600000 6 912.590000 400.320000 
2 134 161 192 1217.710000 414.330000 6 1202.280000 383.440000 
2 141 140 134 305.190000 410.730000 6 301.200000 437.020000 
2 120 124 137 178.800000 410.030000 6 161.940000 446.800000 
2 103 82 62 895.800000 409.200000 6 966.750000 389.110000 
2 113 159 196 1162.950000 403.770000 6 1145.860000 376.920000 
2 99 100 84 840.010000 402.930000 6 901.880000 387.500000 
2 113 93 68 881.990000 400.910000 6 949.380000 382.100000 
2 118 97 75 889.570000 399.810000 6 958.120000 380.380000 
2 90 99 103 181.680000 400.050000 6 163.720000 436.590000 
2 34 24 34 406.860000 398.230000 6 399.230000 419.790000 
2 93 94 85 186.770000 397.870000 6 170.690000 433.980000 
2 201 219 200 831.990000 395.670000 6 841.920000 392.580000 
2 202 212 195 837.180000 394.500000 6 897.050000 378.750000 
2 46 42 40 270.080000 393.310000 6 263.150000 422.040000 
2 66 67 55 188.640000 391.700000 6 172.060000 428.130000 
2 76 142 177 1177.190000 390.110000 6 1159.930000 362.780000 
2 122 131 112 839.670000 389.950000 6 900.670000 376.420000 
2 20 21 25 542.250000 384.090000 6 565.940000 391.600000 
2 181 161 143 569.620000 382.700000 6 597.660000 388.420000 
2 28 27 30 550.960000 381.340000 6 575.640000 388.590000 
2 61 58 64 664.590000 379.700000 6 704.730000 377.650000 
2 58 56 57 551.150000 374.720000 6 575.900000 381.460000 
2 174 177 180 234.780000 372.870000 6 222.550000 405.360000 
2 124 144 173 736.870000 368.800000 6 782.240000 362.580000 
2 186 217 235 750.010000 368.070000 6 793.680000 359.030000 
2 121 100 81 891.030000 363.590000 6 955.310000 343.480000 
2 74 164 196 160.600000 363.000000 6 143.900000 401.060000 
2 89 87 86 549.360000 361.420000 6 573.590000 366.820000 
2 180 161 143 920.510000 359.270000 6 988.960000 336.400000 
2 191 219 240 789.460000 358.120000 6 836.750000 346.600000 
2 156 141 130 565.260000 357.910000 6 589.620000 363.460000 
2 10 8 5 551.890000 357.540000 6 575.110000 363.910000 
2 106 99 92 1041.770000 354.850000 6 1067.060000 331.830000 
2 97 124 150 791.050000 354.860000 6 838.810000 343.070000 
2 156 147 139 448.200000 354.240000 6 451.690000 372.030000 
2 172 162 157 431.080000 353.060000 6 439.260000 368.780000 
2 52 44 26 552.800000 339.220000 6 574.820000 345.710000 
2 30 39 64 422.420000 338.450000 6 407.800000 359.020000 
2 222 212 194 684.040000 338.040000 6 722.230000 333.390000 
2 135 148 161 709.890000 335.080000 6 749.020000 328.460000 
2 191 180 164 555.060000 334.980000 6 577.210000 340.540000 
2 205 186 165 896.790000 329.650000 6 960.070000 307.740000 
2 169 251 255 52.310000 328.480000 6 23.010000 373.200000 
2 123 134 149 736.500000 326.760000 6 777.440000 317.800000 
2 197 179 151 918.150000 318.140000 6 982.550000 294.740000 
2 188 170 152 888.590000 317.510000 6 949.030000 296.340000 
2 173 166 160 690.940000 314.240000 6 727.750000 308.890000 
2 173 166 160 690.940000 314.240000 6 727.750000 308.890000 
2 19 50 80 332.300000 312.750000 6 325.230000 335.820000 
2 202 184 161 923.220000 312.130000 6 987.430000 287.910000 
2 33 26 21 688.340000 311.780000 6 725.260000 306.290000 
2 52 84 108 81.700000 307.050000 6 58.750000 347.210000 
2 126 113 93 854.630000 304.750000 6 909.100000 286.450000 
2 94 92 93 698.380000 300.570000 6 734.100000 294.990000 
2 169 161 144 673.060000 296.320000 6 706.020000 291.820000 
2 26 24 25 695.220000 295.760000 6 730.160000 290.090000 
2 102 100 100 691.110000 295.580000 6 726.030000 289.670000 
2 115 123 177 741.780000 294.590000 6 779.470000 285.510000 
2 225 210 199 479.940000 290.320000 6 487.820000 301.370000 
2 144 126 116 476.740000 288.100000 6 484.650000 299.590000 
2 76 74 81 665.820000 287.510000 6 696.980000 279.400000 
2 118 108 90 853.710000 286.330000 6 906.810000 267.300000 
2 80 172 212 50.660000 286.520000 6 26.740000 328.000000 
2 209 199 183 854.000000 282.780000 6 907.000000 263.320000 
2 125 170 221 405.600000 280.460000 6 390.090000 299.730000 
2 64 68 81 819.750000 272.520000 6 869.220000 255.050000 
2 248 245 250 832.590000 271.650000 6 878.750000 256.040000 
2 89 84 100 822.170000 267.710000 6 871.870000 249.560000 
2 108 97 83 857.290000 267.070000 6 909.470000 247.650000 
2 131 125 111 545.330000 265.310000 6 558.960000 270.280000 
2 184 165 150 914.650000 259.880000 6 972.120000 235.630000 
2 158 146 141 656.150000 259.870000 6 682.860000 256.380000 
2 173 161 153 673.650000 259.690000 6 702.820000 255.650000 
2 55 51 31 845.960000 258.040000 6 895.740000 239.130000 
2 191 170 161 679.280000 254.540000 6 708.350000 248.960000 
2 188 173 164 925.180000 252.420000 6 983.490000 227.070000 
2 43 42 36 834.330000 252.460000 6 881.270000 234.440000 
2 115 108 88 862.210000 250.230000 6 912.560000 230.120000 
2 176 157 142 601.860000 249.340000 6 621.500000 250.450000 
2 179 196 191 569.350000 247.560000 6 582.780000 251.340000 
2 67 60 38 860.140000 245.450000 6 910.010000 225.600000 
2 29 25 14 838.750000 243.780000 6 885.510000 225.850000 
2 134 115 97 651.790000 243.730000 6 676.440000 240.630000 
2 72 96 112 567.210000 244.240000 6 580.340000 247.560000 
2 137 127 120 850.700000 242.050000 6 900.000000 222.510000 
2 137 127 120 850.700000 242.050000 6 900.000000 222.510000 
2 142 143 136 668.940000 240.970000 6 695.110000 236.560000 
2 114 121 147 190.790000 240.970000 6 171.330000 272.090000 
2 73 64 50 856.010000 240.300000 6 904.480000 220.990000 
2 211 241 252 531.220000 238.620000 6 539.430000 244.960000 
2 149 154 178 332.400000 238.920000 6 318.600000 259.060000 
2 175 197 202 514.510000 227.080000 6 520.890000 233.770000 
2 77 61 49 856.250000 226.510000 6 903.570000 206.990000 
2 79 145 195 405.770000 225.450000 6 389.010000 243.730000 
2 175 159 147 657.460000 222.480000 6 680.280000 217.980000 
2 41 96 144 389.190000 215.630000 6 372.910000 234.800000 
2 93 83 75 489.700000 213.460000 6 491.670000 222.650000 
2 144 176 217 334.650000 212.360000 6 317.530000 233.820000 
2 38 44 59 524.400000 210.940000 6 529.340000 218.440000 
2 25 56 96 326.050000 210.760000 6 308.720000 231.800000 
2 179 214 237 532.950000 208.570000 6 539.640000 213.660000 
2 61 113 162 392.240000 206.220000 6 375.430000 224.890000 
2 184 165 152 732.360000 203.370000 6 680.280000 217.980000 
2 69 124 170 63.030000 202.070000 6 36.460000 238.010000 
2 173 163 164 790.730000 199.190000 6 827.010000 184.440000 
2 131 155 168 558.780000 197.820000 6 566.570000 202.010000 
2 129 183 231 323.600000 197.960000 6 307.160000 223.970000 
2 23 65 118 403.550000 196.440000 6 386.590000 213.840000 
2 43 123 181 278.180000 195.010000 6 254.430000 222.030000 
2 53 89 131 270.290000 193.920000 6 247.260000 220.740000 
2 46 94 141 301.210000 190.030000 6 281.790000 213.860000 
2 40 104 150 235.460000 188.450000 6 211.570000 216.110000 
2 137 118 107 655.010000 186.260000 6 673.700000 181.190000 
2 180 168 156 472.180000 177.840000 6 469.230000 188.010000 
2 149 139 123 694.990000 177.060000 6 718.550000 168.470000 
2 136 127 116 685.820000 169.250000 6 707.800000 161.120000 
2 36 88 127 215.580000 169.090000 6 192.070000 196.190000 
2 127 230 255 66.410000 165.190000 6 35.910000 200.430000 
2 141 126 114 680.420000 163.480000 6 701.100000 156.940000 
2 130 121 112 497.550000 161.310000 6 494.780000 169.860000 
2 108 172 227 347.860000 158.310000 6 329.380000 177.900000 
2 42 113 166 155.310000 156.460000 6 128.670000 188.510000 
2 93 86 79 494.210000 155.910000 6 491.660000 164.580000 
2 197 183 192 906.430000 148.190000 6 952.530000 122.710000 
2 144 186 233 299.850000 147.430000 6 277.700000 170.230000 
2 181 169 156 811.440000 147.190000 6 790.530000 151.150000 
2 136 203 253 208.330000 146.680000 6 183.360000 174.110000 
2 52 136 190 155.080000 147.080000 6 127.690000 177.570000 
2 142 209 253 95.550000 145.180000 6 65.480000 179.290000 
2 42 99 151 211.610000 138.600000 6 186.210000 166.130000 
2 79 133 190 363.540000 135.090000 6 343.980000 152.350000 
2 123 128 114 791.260000 132.980000 6 821.760000 117.090000 
2 33 101 155 395.130000 132.500000 6 375.390000 148.530000 
2 33 101 155 395.130000 132.500000 6 375.390000 148.530000 
2 78 162 210 99.400000 131.800000 6 68.140000 165.800000 
2 38 96 150 403.470000 131.200000 6 384.900000 147.030000 
2 152 153 143 535.940000 128.390000 6 534.000000 134.070000 
2 134 187 241 383.220000 128.240000 6 362.840000 144.830000 
2 80 142 188 244.020000 128.030000 6 216.940000 152.630000 
2 66 142 188 335.340000 125.260000 6 310.030000 144.730000 
2 108 171 222 220.940000 122.400000 6 193.800000 149.250000 
2 139 128 118 490.860000 121.980000 6 485.960000 129.610000 
2 249 252 245 540.370000 120.070000 6 538.280000 124.610000 
2 176 195 203 754.850000 113.740000 6 776.960000 100.940000 
2 91 86 68 830.450000 112.300000 6 863.270000 93.010000 
2 120 192 242 364.040000 112.060000 6 342.340000 129.380000 
2 134 187 238 380.430000 110.280000 6 358.830000 126.160000 
2 117 182 231 309.240000 109.850000 6 286.080000 129.590000 
2 64 121 173 376.530000 108.200000 6 354.560000 125.390000 
2 64 121 173 376.530000 108.200000 6 354.560000 125.390000 
2 46 100 153 307.420000 106.030000 6 283.320000 126.660000 
2 250 245 233 831.720000 103.300000 6 862.420000 84.760000 
2 46 106 160 211.850000 102.090000 6 182.880000 127.630000 
2 110 135 143 776.100000 101.470000 6 798.490000 86.770000 
2 55 124 173 239.360000 99.030000 6 211.720000 123.550000 
2 135 125 116 688.070000 98.420000 6 703.220000 90.790000 
2 111 181 236 280.030000 92.030000 6 254.990000 114.280000 
2 241 232 215 841.620000 90.590000 6 873.910000 69.820000 
2 77 70 71 492.780000 88.390000 6 484.670000 95.450000 
2 64 139 193 282.230000 87.920000 6 256.130000 109.990000 
2 199 196 198 496.390000 87.770000 6 488.410000 95.020000 
2 199 196 198 496.390000 87.770000 6 488.410000 95.020000 
2 132 192 236 200.310000 85.740000 6 171.110000 111.620000 
2 151 194 241 190.220000 84.310000 6 160.630000 111.070000 
2 57 107 151 243.010000 81.550000 6 215.380000 106.620000 
2 57 150 190 82.210000 77.570000 6 48.990000 107.410000 
2 202 186 172 852.240000 76.950000 6 884.520000 55.280000 
2 231 222 211 841.550000 72.250000 6 871.550000 50.810000 
2 128 193 243 271.490000 72.060000 6 244.770000 94.430000 
2 77 182 220 40.300000 67.540000 6 5.520000 99.600000 
2 145 134 122 687.740000 64.350000 6 700.500000 57.630000 
2 174 158 142 886.970000 61.500000 6 921.020000 36.260000 
2 132 146 158 772.580000 59.680000 6 791.930000 45.360000 
2 196 185 171 850.260000 52.900000 6 879.710000 32.100000 
2 217 208 199 500.750000 47.560000 6 489.700000 54.210000 
2 144 133 125 478.220000 46.790000 6 464.720000 55.220000 
2 173 163 158 505.830000 42.610000 6 495.020000 48.580000 
2 145 168 193 789.860000 40.630000 6 808.260000 25.190000 
2 174 169 165 510.110000 38.690000 6 498.070000 46.030000 
2 182 168 155 905.720000 32.140000 6 939.370000 6.800000 
2 235 232 222 757.360000 26.660000 6 773.380000 13.280000 
2 162 143 122 926.010000 797.510000 6 1110.600000 794.070000 
2 153 129 111 767.950000 768.530000 6 915.290000 775.170000 
2 169 150 135 457.240000 756.840000 6 572.890000 790.920000 
2 169 150 135 457.240000 756.840000 6 572.890000 790.920000 
2 150 137 116 829.040000 733.150000 6 958.070000 730.190000 
2 122 103 90 929.630000 730.870000 6 1071.080000 721.030000 
2 143 148 127 817.410000 712.500000 6 946.300000 710.230000 
2 70 59 38 744.130000 706.610000 6 847.600000 709.080000 
2 218 218 206 817.040000 704.740000 6 945.770000 701.620000 
2 119 109 88 738.440000 704.400000 6 767.080000 698.520000 
2 92 78 61 685.630000 695.060000 6 778.490000 702.620000 
2 190 174 161 677.350000 693.510000 6 844.430000 709.300000 
2 84 70 55 680.410000 693.140000 6 847.600000 709.080000 
2 154 138 122 625.400000 690.260000 6 712.720000 702.480000 
2 216 201 182 764.510000 690.130000 6 857.810000 690.100000 
2 216 201 182 764.510000 690.130000 6 857.810000 690.100000 
2 83 69 52 743.610000 688.460000 6 845.830000 691.270000 
2 168 155 148 660.240000 687.080000 6 746.760000 696.490000 
2 163 144 126 483.300000 683.850000 6 559.510000 707.440000 
2 96 78 58 768.590000 683.420000 6 861.490000 682.450000 
2 48 37 25 624.290000 679.040000 6 706.820000 690.050000 
2 48 37 25 624.290000 679.040000 6 706.820000 690.050000 
2 152 141 129 627.450000 678.010000 6 710.500000 688.650000 
2 164 153 146 621.520000 678.220000 6 703.050000 689.840000 
2 161 143 123 529.910000 675.690000 6 606.410000 695.070000 
2 222 212 206 615.650000 667.160000 6 696.600000 677.670000 
2 109 89 74 521.810000 664.850000 6 592.760000 683.810000 
2 188 190 171 933.410000 661.120000 6 1051.980000 646.430000 
2 153 134 114 494.390000 658.610000 6 561.160000 675.450000 
2 76 66 50 575.510000 652.840000 6 640.420000 667.090000 
2 206 190 178 524.960000 653.050000 6 592.900000 671.960000 
2 163 149 124 745.260000 650.610000 6 844.080000 651.870000 
2 58 48 35 534.450000 643.400000 6 601.670000 660.080000 
2 145 138 123 622.690000 641.770000 6 702.020000 650.740000 
2 95 78 68 742.550000 641.000000 6 840.080000 638.930000 
2 95 78 68 742.550000 641.000000 6 840.080000 638.930000 
2 78 74 60 794.710000 640.740000 6 876.770000 636.090000 
2 107 106 97 767.850000 636.470000 6 856.540000 634.710000 
2 155 144 128 572.880000 636.610000 6 628.290000 650.150000 
2 45 26 15 475.900000 634.080000 6 527.770000 655.240000 
2 173 154 143 478.660000 632.130000 6 531.430000 652.730000 
2 105 99 88 653.630000 628.460000 6 727.410000 635.720000 
2 111 93 88 684.530000 622.290000 6 770.940000 623.320000 
2 209 198 184 440.780000 619.030000 6 483.860000 642.100000 
2 131 120 106 430.770000 618.450000 6 470.460000 641.780000 
2 76 59 42 617.280000 613.810000 6 695.390000 622.570000 
2 197 177 163 906.500000 611.610000 6 1000.560000 596.670000 
2 94 70 51 928.270000 610.280000 6 1026.670000 593.900000 
2 214 192 162 884.070000 610.390000 6 995.720000 597.480000 
2 178 156 126 808.020000 609.740000 6 889.210000 602.660000 
2 123 101 71 807.250000 606.840000 6 887.880000 599.850000 
2 118 100 64 700.320000 607.150000 6 766.420000 608.860000 
2 197 174 152 837.330000 606.020000 6 921.750000 596.760000 
2 126 105 82 802.270000 606.180000 6 882.250000 599.680000 
2 122 102 85 722.950000 604.600000 6 790.690000 604.720000 
2 65 54 44 373.920000 604.550000 6 405.920000 631.830000 
2 200 179 160 800.020000 604.020000 6 878.480000 597.570000 
2 140 114 85 810.240000 601.920000 6 890.520000 594.410000 
2 117 94 66 804.300000 601.400000 6 884.300000 594.610000 
2 87 81 69 438.640000 601.570000 6 473.660000 624.380000 
2 101 88 78 959.440000 601.190000 6 191.490000 589.240000 
2 107 79 55 824.220000 598.080000 6 905.740000 589.350000 
2 107 79 55 824.220000 598.080000 6 905.740000 589.350000 
2 196 176 148 800.430000 594.270000 6 879.440000 587.430000 
2 136 121 86 939.760000 593.830000 6 1036.370000 575.860000 
2 45 42 30 403.890000 592.960000 6 436.320000 617.790000 
2 109 93 55 633.760000 592.250000 6 690.630000 599.200000 
2 95 81 56 797.190000 591.100000 6 874.910000 584.390000 
2 95 81 56 797.190000 591.100000 6 874.910000 584.390000 
2 192 176 138 686.600000 590.350000 6 750.140000 592.760000 
2 114 90 72 876.910000 589.950000 6 964.650000 576.700000 
2 190 165 145 873.910000 587.700000 6 961.450000 574.540000 
2 120 92 62 823.480000 587.150000 6 903.940000 578.310000 
2 195 168 142 815.600000 584.600000 6 895.880000 576.100000 
2 119 91 63 825.370000 582.150000 6 905.870000 573.080000 
2 207 190 148 688.680000 581.240000 6 751.680000 583.340000 
2 170 158 148 951.550000 578.790000 6 1047.970000 559.450000 
2 198 178 154 688.750000 578.640000 6 751.430000 580.470000 
2 45 36 22 524.570000 578.020000 6 571.280000 593.130000 
2 110 107 88 413.690000 572.420000 6 410.560000 591.690000 
2 119 127 116 512.330000 566.630000 6 548.300000 581.080000 
2 207 188 157 720.950000 565.500000 6 786.350000 564.330000 
2 55 47 60 168.470000 564.150000 6 173.030000 605.520000 
2 111 92 77 945.780000 563.630000 6 1040.430000 544.040000 
2 97 103 74 271.600000 563.560000 6 287.610000 596.530000 
2 124 101 79 888.730000 562.500000 6 974.830000 547.370000 
2 74 68 64 1176.040000 561.610000 6 1173.920000 532.200000 
2 123 101 71 840.260000 561.470000 6 920.860000 550.730000 
2 109 108 90 222.930000 560.880000 6 229.410000 598.070000 
2 192 186 180 1173.280000 559.780000 6 1170.660000 531.120000 
2 46 37 24 791.030000 556.910000 6 864.310000 549.470000 
2 63 57 51 1174.620000 556.480000 6 1170.790000 527.680000 
2 131 107 78 832.570000 556.520000 6 911.460000 545.830000 
2 171 158 139 793.850000 553.870000 6 867.550000 546.010000 
2 134 142 100 242.650000 554.260000 6 247.080000 589.420000 
2 20 18 25 148.610000 553.250000 6 147.990000 595.730000 
2 99 80 66 946.490000 552.200000 6 1038.920000 532.350000 
2 44 44 29 343.300000 551.930000 6 349.000000 580.240000 
2 95 96 81 313.260000 550.570000 6 318.920000 580.730000 
2 95 96 81 313.260000 550.570000 6 318.920000 580.730000 
2 61 73 11 253.040000 550.410000 6 257.710000 585.570000 
2 89 87 74 340.760000 549.510000 6 346.110000 577.780000 
2 151 137 120 793.780000 548.780000 6 866.650000 540.730000 
2 108 108 106 768.130000 547.370000 6 835.390000 541.990000 
2 120 118 103 355.920000 547.290000 6 360.950000 574.580000 
2 103 79 60 897.590000 546.840000 6 983.250000 530.460000 
2 101 83 57 916.200000 546.460000 6 908.810000 535.690000 
2 52 58 18 247.050000 546.330000 6 250.600000 581.850000 
2 7 7 3 767.220000 544.560000 6 833.650000 539.010000 
2 162 147 136 665.880000 543.490000 6 721.900000 545.670000 
2 26 27 12 303.880000 541.940000 6 308.660000 572.360000 
2 105 84 67 890.160000 541.130000 6 974.650000 525.290000 
2 105 84 67 890.160000 541.130000 6 974.650000 525.290000 
2 95 71 49 873.620000 541.080000 6 955.720000 526.720000 
2 188 174 157 666.150000 539.590000 6 721.980000 541.850000 
2 175 157 136 941.740000 538.640000 6 1033.170000 518.890000 
2 122 108 55 634.430000 537.840000 6 882.240000 537.280000 
2 117 93 65 846.600000 536.430000 6 924.880000 524.240000 
2 101 78 52 835.560000 536.560000 6 912.270000 524.910000 
2 33 31 26 248.170000 536.440000 6 244.930000 571.600000 
2 116 119 111 211.700000 536.100000 6 212.110000 573.320000 
2 98 97 93 200.350000 533.810000 6 198.670000 571.890000 
2 119 96 71 824.450000 531.820000 6 967.210000 520.480000 
2 89 78 73 505.770000 531.670000 6 537.440000 547.150000 
2 117 97 70 867.420000 530.950000 6 948.150000 516.760000 
2 75 54 47 727.230000 529.100000 6 790.730000 525.660000 
2 189 164 157 724.880000 526.690000 6 787.390000 523.680000 
2 170 160 136 793.430000 525.200000 6 864.070000 516.810000 
2 42 29 24 190.650000 521.190000 6 183.770000 558.970000 
2 130 112 85 845.700000 515.940000 6 922.680000 502.460000 
2 182 169 147 775.450000 516.170000 6 843.090000 508.540000 
2 161 150 138 180.520000 515.870000 6 171.260000 555.790000 
2 175 157 131 797.760000 515.770000 6 867.990000 506.420000 
2 107 93 68 745.310000 515.160000 6 809.300000 510.310000 
2 107 93 68 745.310000 515.160000 6 809.300000 510.310000 
2 66 63 66 372.690000 513.890000 6 370.950000 539.410000 
2 68 70 79 149.470000 513.210000 6 135.210000 555.370000 
2 84 72 70 1251.520000 507.790000 6 1241.090000 474.040000 
2 110 95 70 823.580000 506.290000 6 897.110000 494.720000 
2 104 87 63 829.430000 506.250000 6 902.680000 494.250000 
2 202 182 159 810.970000 505.100000 6 881.280000 494.740000 
2 108 90 72 831.860000 500.910000 6 905.860000 488.580000 
2 108 90 72 831.860000 500.910000 6 905.860000 488.580000 
2 69 65 76 82.740000 498.020000 6 67.050000 544.230000 
2 123 108 88 715.180000 494.460000 6 773.120000 491.270000 
2 128 114 97 786.530000 493.960000 6 854.310000 485.050000 
2 122 107 86 726.580000 493.400000 6 785.450000 489.630000 
2 146 129 119 946.810000 492.280000 6 1034.370000 470.060000 
2 110 89 69 637.640000 492.020000 6 685.390000 495.190000 
2 150 141 138 420.450000 492.000000 6 438.570000 512.080000 
2 127 116 98 762.970000 490.970000 6 827.220000 484.160000 
2 91 80 64 782.630000 489.460000 6 849.940000 480.580000 
2 72 68 68 224.640000 489.530000 6 216.420000 524.790000 
2 190 172 152 823.210000 488.720000 6 892.960000 476.510000 
2 99 81 58 869.940000 488.530000 6 946.580000 472.830000 
2 144 124 101 642.440000 487.860000 6 689.880000 490.300000 
2 112 94 74 827.840000 486.330000 6 898.920000 473.700000 
2 176 161 140 649.410000 484.640000 6 697.890000 486.440000 
2 169 158 138 183.380000 483.970000 6 171.940000 522.500000 
2 132 120 123 173.320000 482.950000 6 161.020000 522.860000 
2 107 92 71 832.140000 480.840000 6 903.620000 467.850000 
2 165 149 153 174.650000 477.120000 6 162.630000 516.340000 
2 97 86 68 786.890000 475.100000 6 837.120000 467.740000 
2 97 86 68 786.890000 475.100000 6 837.120000 467.740000 
2 166 150 138 180.610000 473.900000 6 169.310000 512.410000 
2 175 159 145 193.600000 473.410000 6 183.470000 511.650000 
2 219 204 185 651.770000 471.210000 6 699.750000 472.180000 
2 249 238 222 671.390000 469.000000 6 721.180000 468.530000 
2 98 80 62 649.950000 468.520000 6 696.260000 470.060000 
2 51 31 22 663.210000 467.700000 6 711.770000 467.740000 
2 95 81 64 874.060000 467.170000 6 932.070000 452.720000 
2 134 118 99 478.760000 464.850000 6 502.230000 479.440000 
2 81 78 73 245.270000 464.020000 6 237.810000 497.640000 
2 173 153 148 660.840000 460.490000 6 708.220000 460.940000 
2 89 84 68 517.180000 459.210000 6 545.450000 470.480000 
2 194 180 165 929.500000 459.140000 6 1009.750000 438.020000 
2 79 64 45 730.630000 459.160000 6 749.110000 460.710000 
2 135 131 127 273.860000 458.540000 6 281.970000 488.080000 
2 251 242 231 528.710000 458.090000 6 521.670000 476.810000 
2 44 38 23 522.240000 457.060000 6 550.120000 468.280000 
2 204 186 166 773.600000 452.230000 6 833.380000 443.330000 
2 156 145 133 552.880000 451.720000 6 584.840000 460.110000 
2 209 202 195 550.390000 450.450000 6 582.000000 458.670000 
2 98 82 64 818.030000 449.200000 6 934.160000 426.980000 
2 157 146 130 670.660000 449.070000 6 717.740000 448.510000 
2 81 77 78 526.840000 448.040000 6 553.590000 460.600000 
2 130 138 164 1185.700000 446.900000 6 1169.360000 418.570000 
2 123 102 83 796.870000 446.760000 6 874.460000 432.810000 
2 91 86 94 176.430000 447.110000 6 162.000000 485.170000 
2 103 82 63 801.740000 446.170000 6 862.020000 435.240000 
2 103 82 63 801.740000 446.170000 6 849.250000 437.810000 
2 106 85 66 805.490000 445.650000 6 853.150000 437.190000 
2 115 94 74 810.660000 444.890000 6 874.460000 432.810000 
2 104 98 95 180.550000 444.120000 6 167.220000 481.540000 
2 156 142 119 821.880000 441.890000 6 887.020000 428.840000 
2 130 110 90 797.270000 441.960000 6 859.450000 431.010000 
2 190 170 149 786.190000 441.470000 6 843.680000 431.420000 
2 37 34 39 373.890000 440.160000 6 368.520000 464.120000 
2 170 151 130 803.810000 438.370000 6 866.210000 426.690000 
2 93 74 53 801.400000 437.150000 6 862.970000 425.570000 
2 27 23 25 385.980000 435.470000 6 380.180000 459.130000 
2 37 34 39 369.450000 435.290000 6 362.780000 459.550000 
2 195 176 155 803.700000 435.280000 6 865.410000 423.410000 
2 120 102 81 783.990000 434.790000 6 842.720000 425.150000 
2 119 101 77 802.710000 432.570000 6 863.700000 420.850000 
2 190 173 148 786.620000 432.500000 6 844.890000 422.390000 
2 179 164 142 780.790000 432.360000 6 838.870000 422.480000 
2 115 105 82 686.150000 432.650000 6 733.740000 429.910000 
2 165 153 123 759.610000 431.520000 6 789.390000 428.820000 
2 78 79 83 509.730000 430.040000 6 532.950000 445.050000 
2 110 99 70 757.680000 429.470000 6 813.960000 421.000000 
2 97 79 55 800.240000 428.210000 6 908.750000 406.350000 
2 102 82 55 876.030000 427.080000 6 946.110000 409.540000 
2 94 89 95 408.720000 426.010000 6 401.970000 448.060000 
2 186 166 139 872.570000 425.620000 6 942.120000 408.230000 
2 202 185 161 800.520000 425.330000 6 876.730000 410.440000 
2 123 108 99 936.710000 424.370000 6 1013.910000 401.840000 
2 117 97 70 873.040000 422.530000 6 942.800000 404.510000 
2 198 186 160 852.470000 421.930000 6 885.260000 412.990000 
2 182 167 158 936.930000 421.070000 6 1013.660000 398.860000 
2 240 229 206 799.230000 420.810000 6 892.130000 401.610000 
2 106 94 68 849.680000 420.480000 6 916.100000 404.550000 
2 234 228 218 768.720000 420.320000 6 824.660000 410.850000 
2 172 152 125 875.790000 419.760000 6 945.430000 401.390000 
2 131 111 88 896.350000 418.990000 6 967.970000 399.620000 
2 247 240 215 810.940000 418.460000 6 871.370000 406.170000 
2 116 96 69 871.710000 417.460000 6 939.620000 399.770000 
2 172 155 127 860.310000 416.690000 6 927.820000 399.990000 
2 166 146 119 868.690000 415.820000 6 936.690000 398.430000 
2 176 161 152 936.130000 415.500000 6 1011.930000 392.790000 
2 243 237 210 834.090000 415.160000 6 866.550000 407.150000 
2 116 96 69 873.710000 412.070000 6 940.890000 394.460000 
2 123 128 125 758.420000 411.540000 6 811.620000 402.140000 
2 110 119 117 778.760000 410.620000 6 786.730000 410.550000 
2 82 75 71 244.040000 410.550000 6 234.530000 442.940000 
2 184 164 137 872.300000 409.510000 6 939.990000 391.660000 
2 123 106 78 862.460000 409.310000 6 928.950000 391.940000 
2 101 117 142 1274.510000 408.900000 6 1256.360000 374.480000 
2 220 235 230 756.870000 409.090000 6 809.390000 399.840000 
2 74 97 130 1266.270000 406.370000 6 1247.600000 371.930000 
2 188 168 141 865.570000 406.390000 6 962.000000 381.420000 
2 80 81 85 499.450000 399.710000 6 518.540000 411.120000 
2 118 97 78 895.350000 398.880000 6 965.180000 378.550000 
2 116 95 76 906.780000 396.790000 6 977.520000 375.850000 
2 210 190 164 867.450000 396.210000 6 933.190000 378.390000 
2 92 93 97 497.830000 394.890000 6 516.480000 407.040000 
2 128 109 88 863.060000 393.900000 6 927.340000 376.410000 
2 120 99 80 902.730000 392.490000 6 972.750000 371.630000 
2 29 25 27 516.320000 392.060000 6 538.260000 401.890000 
2 29 25 27 516.320000 392.060000 6 538.260000 401.890000 
2 17 18 22 497.450000 391.860000 6 515.720000 404.250000 
2 166 151 140 934.650000 389.310000 6 1008.030000 366.010000 
2 141 125 105 860.800000 389.410000 6 925.390000 371.890000 
2 80 76 75 234.760000 386.070000 6 224.130000 418.170000 
2 44 44 50 536.820000 385.440000 6 559.920000 393.860000 
2 159 149 133 671.920000 383.100000 6 712.530000 380.910000 
2 189 189 185 661.960000 382.570000 6 702.490000 380.930000 
2 195 175 150 913.030000 381.670000 6 982.980000 359.960000 
2 168 149 131 927.530000 379.960000 6 999.160000 356.620000 
2 32 30 27 308.370000 378.330000 6 302.910000 404.890000 
2 79 79 61 206.420000 377.190000 6 190.960000 410.330000 
2 29 25 25 500.990000 375.510000 6 518.210000 386.730000 
2 154 143 133 671.690000 373.120000 6 711.610000 370.260000 
2 132 132 130 343.850000 371.050000 6 337.430000 394.780000 
2 132 132 130 343.850000 371.050000 6 337.430000 394.780000 
2 19 12 13 517.220000 370.090000 6 537.000000 379.210000 
2 91 210 233 143.790000 369.930000 6 127.610000 408.520000 
2 115 95 72 888.980000 369.080000 6 935.760000 353.670000 
2 177 160 141 861.930000 367.650000 6 924.430000 349.270000 
2 135 115 88 873.220000 366.950000 6 937.080000 347.960000 
2 199 218 232 756.310000 366.160000 6 804.440000 356.970000 
2 126 111 92 859.570000 365.410000 6 921.180000 347.510000 
2 48 42 40 517.670000 365.060000 6 537.320000 374.090000 
2 145 236 255 163.140000 365.220000 6 147.620000 401.780000 
2 161 140 123 907.950000 362.980000 6 976.120000 340.890000 
2 197 179 159 485.030000 363.070000 6 499.620000 375.350000 
2 22 18 18 540.540000 361.480000 6 567.360000 366.590000 
2 62 60 59 549.830000 360.860000 6 573.590000 366.820000 
2 217 206 198 559.290000 359.040000 6 583.610000 364.630000 
2 172 167 162 554.860000 359.180000 6 578.410000 365.620000 
2 173 201 225 794.060000 356.890000 6 841.980000 345.760000 
2 113 92 75 905.950000 355.000000 6 972.540000 333.100000 
2 41 43 45 415.550000 354.600000 6 403.460000 374.650000 
2 165 155 147 558.780000 349.750000 6 582.790000 354.800000 
2 180 170 156 563.480000 348.090000 6 587.680000 353.430000 
2 188 193 189 835.830000 347.540000 6 890.700000 332.130000 
2 132 121 100 855.810000 346.620000 6 915.350000 328.620000 
2 55 44 32 561.470000 345.470000 6 584.690000 351.000000 
2 162 144 120 916.610000 339.840000 6 981.650000 317.390000 
2 191 172 157 925.810000 338.100000 6 992.490000 314.440000 
2 179 160 139 880.510000 333.700000 6 942.240000 313.720000 
2 187 173 156 474.920000 332.010000 6 483.530000 345.340000 
2 176 156 141 868.370000 327.500000 6 927.530000 307.930000 
2 54 40 28 490.740000 327.190000 6 492.220000 343.630000 
2 205 183 169 873.040000 324.900000 6 932.730000 305.060000 
2 116 181 221 290.390000 324.380000 6 277.240000 352.390000 
2 125 116 95 854.830000 323.920000 6 912.140000 305.420000 
2 99 81 61 899.010000 321.310000 6 961.260000 299.690000 
2 99 81 61 899.010000 321.310000 6 961.260000 299.690000 
2 123 104 84 906.600000 319.630000 6 968.660000 297.280000 
2 123 104 84 906.600000 319.630000 6 968.660000 297.280000 
2 110 91 75 926.990000 319.100000 6 992.550000 294.750000 
2 14 44 70 327.020000 316.110000 6 318.450000 338.850000 
2 115 105 84 857.170000 313.520000 6 913.490000 294.950000 
2 163 153 147 672.380000 311.440000 6 706.670000 306.820000 
2 143 145 143 775.340000 309.160000 6 820.390000 296.960000 
2 86 81 91 703.910000 308.700000 6 740.420000 302.000000 
2 122 102 87 880.710000 306.890000 6 939.700000 285.980000 
2 215 205 187 677.000000 306.620000 6 710.740000 302.500000 
2 67 50 44 933.080000 305.080000 6 996.690000 279.340000 
2 123 109 92 858.540000 303.660000 6 931.250000 278.560000 
2 35 40 22 814.090000 300.540000 6 835.960000 294.430000 
2 33 30 32 701.260000 300.210000 6 737.170000 293.710000 
2 131 112 101 925.940000 299.550000 6 989.580000 274.520000 
2 101 90 78 551.740000 297.790000 6 570.200000 302.340000 
2 79 77 77 721.840000 294.490000 6 784.760000 276.080000 
2 80 80 74 726.810000 292.600000 6 773.080000 280.780000 
2 148 137 129 585.260000 291.180000 6 599.310000 297.130000 
2 173 229 253 81.760000 289.390000 6 58.280000 328.850000 
2 127 104 87 876.000000 288.910000 6 932.040000 268.340000 
2 127 104 87 876.000000 288.910000 6 932.040000 268.340000 
2 135 124 112 684.770000 287.940000 6 719.090000 282.720000 
2 200 205 196 818.330000 287.240000 6 865.510000 271.190000 
2 222 212 198 681.930000 287.160000 6 715.650000 281.650000 
2 222 212 198 681.930000 287.160000 6 715.650000 281.650000 
2 97 91 92 745.110000 286.400000 6 784.760000 276.080000 
2 194 176 153 890.530000 286.070000 6 949.180000 264.270000 
2 229 217 204 685.870000 285.180000 6 721.080000 278.470000 
2 217 220 216 814.400000 283.650000 6 860.800000 268.100000 
2 136 132 118 836.120000 281.710000 6 885.190000 263.820000 
2 239 241 230 833.570000 279.680000 6 881.960000 262.580000 
2 38 31 32 756.460000 279.420000 6 797.090000 268.430000 
2 158 155 147 835.790000 276.820000 6 884.260000 259.190000 
2 154 145 123 856.560000 276.590000 6 909.710000 257.190000 
2 182 168 150 602.180000 270.960000 6 621.550000 273.200000 
2 121 115 111 964.730000 267.870000 6 1011.100000 243.440000 
2 135 124 122 658.920000 267.220000 6 687.940000 263.390000 
2 141 125 122 641.340000 265.740000 6 666.880000 263.120000 
2 88 121 166 420.880000 263.960000 6 407.950000 281.640000 
2 120 169 218 64.140000 260.740000 6 38.320000 300.350000 
2 177 177 167 547.550000 259.960000 6 561.280000 264.860000 
2 223 219 211 853.630000 258.200000 6 903.930000 239.530000 
2 138 167 210 418.160000 254.690000 6 404.710000 272.440000 
2 186 174 174 674.110000 251.210000 6 701.660000 246.570000 
2 75 65 40 865.310000 246.460000 6 915.520000 226.230000 
2 171 155 141 657.890000 244.790000 6 682.970000 241.290000 
2 117 98 80 888.010000 243.040000 6 958.280000 213.490000 
2 140 128 116 481.170000 243.180000 6 485.870000 253.220000 
2 191 178 158 869.120000 242.120000 6 919.740000 221.410000 
2 129 211 255 167.450000 239.920000 6 143.590000 273.290000 
2 174 157 142 656.820000 239.320000 6 681.590000 235.670000 
2 155 143 131 481.770000 239.930000 6 485.770000 249.170000 
2 187 169 151 892.140000 238.790000 6 945.100000 215.910000 
2 100 92 74 861.310000 238.960000 6 911.740000 218.040000 
2 108 98 80 864.240000 233.190000 6 914.230000 212.050000 
2 169 158 142 860.300000 231.500000 6 908.690000 211.330000 
2 135 164 190 508.680000 230.480000 6 513.880000 238.650000 
2 50 96 152 427.130000 227.040000 6 411.250000 244.060000 
2 203 184 171 857.700000 223.470000 6 905.410000 203.190000 
2 201 182 171 637.460000 223.570000 6 658.480000 220.780000 
2 178 160 142 650.640000 220.100000 6 672.400000 216.440000 
2 169 152 144 923.290000 218.450000 6 979.040000 192.320000 
2 75 109 146 342.710000 217.220000 6 328.190000 236.680000 
2 131 167 205 385.120000 214.970000 6 368.400000 234.060000 
2 99 86 66 902.250000 214.130000 6 953.400000 190.370000 
2 119 190 243 397.030000 210.550000 6 380.780000 229.870000 
2 61 108 150 389.080000 209.740000 6 372.300000 228.490000 
2 145 211 254 88.060000 209.670000 6 63.620000 244.230000 
2 50 104 157 394.770000 207.790000 6 379.090000 226.000000 
2 107 88 75 912.420000 205.510000 6 964.200000 180.470000 
2 111 91 85 919.620000 203.070000 6 972.730000 177.130000 
2 163 144 132 916.870000 201.730000 6 969.010000 176.190000 
2 187 168 155 650.870000 201.280000 6 671.340000 196.880000 
2 83 80 72 510.080000 198.050000 6 513.930000 204.900000 
2 167 155 152 797.140000 196.750000 6 834.710000 180.990000 
2 16 89 146 291.360000 192.060000 6 269.870000 217.610000 
2 143 127 123 921.780000 189.620000 6 973.650000 163.390000 
2 116 189 235 371.890000 188.620000 6 354.100000 207.800000 
2 115 166 214 239.540000 188.500000 6 215.480000 216.270000 
2 127 106 89 898.730000 187.340000 6 947.610000 163.050000 
2 178 168 154 589.860000 187.620000 6 702.840000 146.580000 
2 119 186 240 294.920000 182.870000 6 272.740000 207.640000 
2 189 170 157 647.210000 181.610000 6 665.090000 177.450000 
2 176 157 139 897.480000 180.970000 6 945.380000 156.910000 
2 233 223 205 696.330000 180.240000 6 720.790000 171.800000 
2 137 206 245 107.320000 180.330000 6 79.340000 214.170000 
2 116 108 93 711.330000 175.350000 6 735.960000 166.450000 
2 171 154 146 920.040000 171.410000 6 969.650000 145.650000 
2 79 119 178 255.440000 168.190000 6 231.350000 193.670000 
2 129 118 120 883.640000 161.470000 6 927.680000 138.130000 
2 197 184 171 682.590000 160.820000 6 703.460000 153.920000 
2 136 120 106 649.540000 160.600000 6 665.580000 155.510000 
2 204 185 174 913.200000 159.520000 6 961.210000 133.840000 
2 114 97 89 917.150000 156.080000 6 964.720000 130.070000 
2 58 115 154 230.690000 151.010000 6 205.110000 177.440000 
2 115 149 190 295.210000 150.770000 6 272.980000 172.870000 
2 111 105 89 760.480000 149.310000 6 788.880000 135.940000 
2 140 212 253 207.870000 139.820000 6 182.630000 167.190000 
2 174 160 147 877.660000 136.530000 6 918.440000 113.370000 
2 26 15 7 915.180000 134.200000 6 953.870000 111.530000 
2 116 164 217 168.380000 132.810000 6 140.580000 162.570000 
2 124 190 237 335.710000 132.460000 6 311.390000 151.310000 
2 119 182 234 363.180000 131.860000 6 341.160000 150.620000 
2 123 135 151 773.520000 129.780000 6 798.990000 116.730000 
2 113 117 107 797.270000 129.720000 6 828.570000 113.140000 
2 132 191 227 448.110000 128.100000 6 438.320000 139.510000 
2 39 28 13 923.390000 126.130000 6 968.150000 99.410000 
2 118 182 229 321.940000 123.430000 6 297.450000 143.420000 
2 176 195 203 754.920000 113.640000 6 777.240000 100.650000 
2 60 114 167 379.420000 113.510000 6 357.480000 130.000000 
2 101 169 224 219.840000 113.320000 6 192.680000 139.390000 
2 49 122 177 222.730000 112.730000 6 195.570000 137.570000 
2 57 130 182 335.960000 110.390000 6 313.640000 129.270000 
2 130 120 99 839.930000 107.120000 6 872.490000 87.830000 
2 105 94 84 910.420000 105.430000 6 952.330000 79.430000 
2 134 152 160 772.640000 88.790000 6 794.440000 74.400000 
2 70 67 72 499.340000 87.120000 6 491.670000 94.200000 
2 97 78 63 894.630000 82.240000 6 932.240000 57.600000 
2 189 176 156 890.390000 74.290000 6 926.950000 50.140000 
2 162 151 139 844.980000 72.040000 6 875.450000 51.720000 
2 159 179 190 750.900000 65.900000 6 767.460000 53.970000 
2 164 175 172 827.570000 65.540000 6 853.970000 45.350000 
2 123 147 167 790.760000 47.170000 6 809.560000 32.440000 
2 153 142 134 497.260000 41.270000 6 485.390000 47.700000 
2 130 116 102 902.140000 34.630000 6 935.490000 9.210000 
2 92 108 130 776.200000 29.560000 6 791.900000 15.550000 
